Item name: Decay

Real time: 8042.06
Live time: 3489.34

Comment: 


Chan	Data
1	0
2	52
3	63
4	59
5	72
6	65
7	59
8	52
9	57
10	73
11	50
12	54
13	66
14	61
15	67
16	69
17	67
18	74
19	61
20	66
21	92
22	61
23	77
24	59
25	60
26	70
27	60
28	68
29	72
30	87
31	77
32	92
33	103
34	70
35	99
36	76
37	76
38	77
39	101
40	81
41	84
42	86
43	94
44	88
45	94
46	86
47	92
48	88
49	98
50	98
51	98
52	85
53	76
54	80
55	86
56	88
57	103
58	90
59	98
60	102
61	97
62	96
63	103
64	88
65	94
66	85
67	107
68	89
69	99
70	109
71	129
72	114
73	107
74	95
75	104
76	97
77	107
78	106
79	95
80	112
81	104
82	110
83	137
84	107
85	96
86	94
87	110
88	110
89	104
90	120
91	111
92	114
93	166
94	140
95	362
96	816
97	1720
98	3717
99	7483
100	13718
101	24865
102	42639
103	61020
104	80128
105	94614
106	97042
107	98053
108	97941
109	97641
110	98044
111	98239
112	98033
113	97362
114	97702
115	97578
116	97455
117	97521
118	98139
119	97617
120	97701
121	97253
122	97656
123	97648
124	97625
125	97253
126	97724
127	97791
128	97816
129	98454
130	98028
131	97937
132	98234
133	98056
134	98213
135	97622
136	98220
137	97895
138	98339
139	98454
140	97921
141	98244
142	98074
143	98292
144	98644
145	98702
146	98262
147	98605
148	98626
149	98716
150	97737
151	98785
152	98730
153	98502
154	98308
155	98824
156	98615
157	98918
158	98581
159	98378
160	98839
161	98964
162	98791
163	98775
164	98901
165	98821
166	99164
167	98981
168	99222
169	98778
170	98481
171	98992
172	99257
173	98809
174	98807
175	99006
176	98628
177	98739
178	98577
179	98718
180	99227
181	98613
182	98605
183	98820
184	98428
185	99369
186	98471
187	99243
188	98888
189	98444
190	98556
191	98794
192	98917
193	98777
194	98278
195	98551
196	98822
197	98957
198	98590
199	98565
200	98227
201	99126
202	98444
203	98461
204	97768
205	98679
206	98212
207	98583
208	98049
209	98278
210	98879
211	97922
212	98358
213	98132
214	98289
215	97532
216	98517
217	97519
218	97668
219	98382
220	97803
221	97905
222	98018
223	97948
224	97357
225	98005
226	97858
227	97725
228	97288
229	97798
230	97371
231	97878
232	97601
233	97381
234	97753
235	97174
236	97775
237	97559
238	97298
239	97294
240	97240
241	97708
242	97072
243	97373
244	97692
245	98011
246	97578
247	97038
248	96818
249	97950
250	97116
251	97040
252	97857
253	97469
254	97295
255	96851
256	97262
257	97490
258	97523
259	96829
260	97217
261	96785
262	97930
263	97116
264	97572
265	97880
266	97656
267	96844
268	97331
269	97406
270	97832
271	97316
272	97476
273	97532
274	97587
275	97110
276	97302
277	97384
278	97257
279	97460
280	97206
281	97888
282	97564
283	97842
284	97112
285	97396
286	97301
287	97180
288	97948
289	97074
290	97632
291	97093
292	97195
293	97459
294	97360
295	98141
296	97459
297	97498
298	97604
299	97712
300	97371
301	97108
302	97703
303	97935
304	96889
305	97690
306	97650
307	97179
308	97242
309	97628
310	97089
311	97256
312	97132
313	96918
314	97166
315	97089
316	97306
317	96928
318	96957
319	97155
320	96745
321	96801
322	97278
323	97157
324	96953
325	96957
326	97010
327	97406
328	96398
329	96818
330	97272
331	97067
332	96876
333	96088
334	96823
335	96189
336	96430
337	96958
338	97509
339	96647
340	96705
341	97628
342	96718
343	97122
344	96425
345	96641
346	96748
347	96628
348	96740
349	97000
350	97217
351	96603
352	96914
353	96425
354	97448
355	96949
356	96652
357	97114
358	96550
359	96902
360	97475
361	96625
362	96342
363	96789
364	97481
365	97022
366	96999
367	97199
368	96690
369	97540
370	97301
371	96995
372	96682
373	96843
374	97115
375	96423
376	97066
377	97296
378	97714
379	97458
380	97166
381	97713
382	97137
383	97741
384	97842
385	97383
386	97522
387	97613
388	97484
389	97315
390	97469
391	98179
392	97953
393	97561
394	97154
395	97843
396	97360
397	98177
398	97235
399	97639
400	97267
401	97314
402	97114
403	97566
404	97520
405	97382
406	97872
407	97308
408	97838
409	97139
410	97182
411	97742
412	98205
413	97856
414	97482
415	97919
416	97347
417	97578
418	97527
419	97375
420	97314
421	97961
422	97163
423	97558
424	97192
425	97505
426	97064
427	97607
428	97149
429	96780
430	97045
431	97327
432	97408
433	96823
434	97004
435	96703
436	97657
437	96814
438	96837
439	97197
440	96687
441	97410
442	97190
443	96837
444	97162
445	97357
446	97778
447	96723
448	97155
449	97234
450	97460
451	96739
452	97152
453	97578
454	97377
455	97514
456	96727
457	97258
458	97248
459	97208
460	97746
461	97542
462	97558
463	97538
464	97573
465	97268
466	97688
467	97422
468	98012
469	98002
470	97512
471	97930
472	97423
473	97830
474	98204
475	97665
476	97872
477	97749
478	98123
479	98023
480	97989
481	97731
482	97983
483	97319
484	97824
485	98089
486	98313
487	97800
488	97904
489	98903
490	97672
491	97788
492	98517
493	98479
494	98809
495	97741
496	98017
497	98610
498	98292
499	98448
500	97870
501	98339
502	98389
503	98417
504	98242
505	97835
506	98119
507	98579
508	98278
509	98364
510	97707
511	97963
512	98296
513	97794
514	97977
515	98098
516	97704
517	97977
518	97657
519	98032
520	98201
521	98071
522	98299
523	98201
524	98723
525	97392
526	98318
527	97799
528	98257
529	98079
530	97939
531	97841
532	98165
533	97896
534	98001
535	97654
536	97400
537	97621
538	98448
539	98197
540	98002
541	97358
542	97642
543	97662
544	97492
545	97650
546	97756
547	97746
548	97934
549	97520
550	97628
551	98149
552	98337
553	97804
554	97597
555	98520
556	98033
557	97494
558	97641
559	97407
560	97853
561	97686
562	98100
563	97454
564	97936
565	97700
566	97782
567	97556
568	97884
569	98037
570	97738
571	98149
572	97629
573	98275
574	97862
575	97701
576	97484
577	98386
578	98349
579	98176
580	98095
581	97807
582	98129
583	97990
584	98087
585	97657
586	97944
587	98897
588	98478
589	97925
590	98210
591	97510
592	98292
593	98808
594	98387
595	98136
596	98428
597	98284
598	98372
599	98195
600	98620
601	98070
602	98480
603	98612
604	98520
605	99006
606	97941
607	98440
608	98357
609	98674
610	98237
611	98387
612	98794
613	98992
614	98647
615	98284
616	98732
617	98821
618	98382
619	98715
620	98800
621	98420
622	97834
623	98216
624	97854
625	98743
626	98267
627	97694
628	98050
629	98519
630	98088
631	98060
632	97893
633	98203
634	97681
635	98060
636	98023
637	97677
638	97815
639	97798
640	97418
641	97520
642	97358
643	97447
644	97809
645	96865
646	97752
647	97511
648	97140
649	96929
650	96858
651	96929
652	97463
653	97115
654	96617
655	96627
656	96297
657	97102
658	97239
659	96816
660	96898
661	96826
662	96417
663	96653
664	96766
665	96715
666	96268
667	96546
668	96808
669	96433
670	96843
671	96579
672	96535
673	95913
674	96425
675	96535
676	96391
677	96545
678	96512
679	96171
680	96799
681	96562
682	96927
683	96158
684	96529
685	97128
686	96736
687	96364
688	96670
689	97010
690	97090
691	96727
692	96835
693	96566
694	96792
695	97006
696	96528
697	96865
698	96329
699	97098
700	96850
701	97299
702	96716
703	96793
704	97112
705	96336
706	96794
707	96420
708	96880
709	97242
710	96956
711	97549
712	96974
713	96870
714	97292
715	97638
716	97014
717	97469
718	97304
719	97082
720	97295
721	96301
722	96974
723	97530
724	96975
725	96932
726	96953
727	96799
728	97525
729	97513
730	97037
731	96923
732	97465
733	97210
734	97529
735	97250
736	97011
737	96674
738	97756
739	96941
740	97213
741	97116
742	97231
743	97002
744	97613
745	97302
746	97303
747	96968
748	96735
749	97405
750	97202
751	96120
752	97172
753	97441
754	97540
755	96998
756	97148
757	97151
758	97092
759	97188
760	97358
761	97197
762	97165
763	97001
764	96487
765	96687
766	97165
767	97093
768	97018
769	96334
770	97019
771	96444
772	97026
773	97338
774	97045
775	97242
776	97036
777	96927
778	97554
779	97493
780	97519
781	96854
782	97132
783	97435
784	97103
785	97012
786	96606
787	97632
788	97071
789	96946
790	96857
791	97554
792	96678
793	97106
794	96973
795	97238
796	97559
797	97110
798	97576
799	96625
800	96987
801	97328
802	97826
803	96878
804	97854
805	97399
806	97467
807	97067
808	97020
809	97227
810	97428
811	97526
812	97931
813	97596
814	98286
815	97799
816	97390
817	98003
818	97381
819	97655
820	98094
821	98062
822	98173
823	97952
824	97744
825	98263
826	98021
827	97838
828	98036
829	97912
830	97995
831	98278
832	98006
833	98277
834	97427
835	98032
836	98018
837	98112
838	98666
839	97732
840	98022
841	98098
842	97829
843	97303
844	98231
845	98082
846	97778
847	97538
848	98091
849	97752
850	98433
851	98322
852	97985
853	97455
854	97907
855	98554
856	97694
857	97680
858	97411
859	97650
860	98360
861	97855
862	98226
863	98019
864	97776
865	97727
866	97817
867	97421
868	97148
869	97667
870	97260
871	97725
872	97360
873	98319
874	97573
875	97803
876	97391
877	97881
878	97600
879	97344
880	97550
881	97668
882	97812
883	97043
884	97832
885	97346
886	97608
887	97672
888	96788
889	97552
890	97543
891	97677
892	97238
893	97848
894	97596
895	97361
896	98105
897	97572
898	96724
899	97379
900	97273
901	97804
902	97840
903	97393
904	97333
905	97601
906	97985
907	97255
908	97196
909	98095
910	98076
911	97364
912	97723
913	98039
914	98280
915	98064
916	97714
917	97769
918	98399
919	97820
920	97866
921	97598
922	98253
923	97924
924	98826
925	97931
926	97897
927	98290
928	97874
929	98093
930	98481
931	97965
932	98743
933	98703
934	97873
935	98427
936	98432
937	98310
938	98973
939	98203
940	98921
941	97886
942	98878
943	98508
944	98502
945	97944
946	98333
947	98298
948	98536
949	98467
950	97657
951	98600
952	98187
953	97946
954	98319
955	98715
956	98315
957	98197
958	98462
959	98628
960	98145
961	97796
962	97578
963	98528
964	97835
965	97739
966	98020
967	98168
968	97803
969	98064
970	97304
971	97657
972	98149
973	98318
974	98222
975	98713
976	97262
977	98027
978	97694
979	97955
980	97695
981	97543
982	98191
983	97784
984	97528
985	98247
986	97610
987	97959
988	97906
989	96768
990	97486
991	97180
992	97557
993	97632
994	97438
995	97162
996	96712
997	97057
998	97216
999	96824
1000	96992
1001	97578
1002	96859
1003	96792
1004	97204
1005	97450
1006	96738
1007	97116
1008	96919
1009	97061
1010	96401
1011	97017
1012	96913
1013	96979
1014	96935
1015	96624
1016	96480
1017	97199
1018	97029
1019	97211
1020	96956
1021	96574
1022	96763
1023	96984
1024	96977
1025	97129
1026	96539
1027	97105
1028	96470
1029	97038
1030	97423
1031	97106
1032	97042
1033	97410
1034	97351
1035	96863
1036	97284
1037	96713
1038	97225
1039	97286
1040	97463
1041	97284
1042	97366
1043	97209
1044	97152
1045	97447
1046	97688
1047	97065
1048	97698
1049	97022
1050	97577
1051	97992
1052	97547
1053	97224
1054	97324
1055	97126
1056	97384
1057	97705
1058	97844
1059	97448
1060	97355
1061	97526
1062	97256
1063	97513
1064	97526
1065	98527
1066	97605
1067	98031
1068	98076
1069	97464
1070	97833
1071	97295
1072	98222
1073	97983
1074	97825
1075	97922
1076	97812
1077	97502
1078	98072
1079	97515
1080	97969
1081	97946
1082	97989
1083	97920
1084	97710
1085	97632
1086	97189
1087	97386
1088	97682
1089	97206
1090	97225
1091	97718
1092	97262
1093	97385
1094	97188
1095	97385
1096	97015
1097	97450
1098	97357
1099	96732
1100	97298
1101	97451
1102	96917
1103	97448
1104	97151
1105	96916
1106	96743
1107	96524
1108	97439
1109	97152
1110	96867
1111	96884
1112	97836
1113	97027
1114	96966
1115	96903
1116	96878
1117	96632
1118	96731
1119	96362
1120	96391
1121	96826
1122	96125
1123	96602
1124	95962
1125	96432
1126	96478
1127	96312
1128	96448
1129	96308
1130	96849
1131	96618
1132	96787
1133	97043
1134	96523
1135	96687
1136	96989
1137	96539
1138	96655
1139	96975
1140	96613
1141	97213
1142	96557
1143	96842
1144	96423
1145	96566
1146	96878
1147	96988
1148	96476
1149	96484
1150	96715
1151	97177
1152	96420
1153	97261
1154	96780
1155	96570
1156	97061
1157	97315
1158	96316
1159	97538
1160	97155
1161	97673
1162	96939
1163	97480
1164	97090
1165	96980
1166	97413
1167	97510
1168	97238
1169	97618
1170	97348
1171	97201
1172	97176
1173	97094
1174	97298
1175	96984
1176	97600
1177	97781
1178	98266
1179	97135
1180	98190
1181	97756
1182	97657
1183	97195
1184	97990
1185	97645
1186	98014
1187	97584
1188	97463
1189	97970
1190	97837
1191	97810
1192	97232
1193	97330
1194	98125
1195	97302
1196	97948
1197	97308
1198	97708
1199	98085
1200	97972
1201	97479
1202	97560
1203	97564
1204	97512
1205	97948
1206	97765
1207	97361
1208	97699
1209	97565
1210	97211
1211	97229
1212	97413
1213	97417
1214	97400
1215	96554
1216	97265
1217	96889
1218	97452
1219	97325
1220	97301
1221	97577
1222	97536
1223	97635
1224	97449
1225	96779
1226	97367
1227	97408
1228	97573
1229	97191
1230	96968
1231	96805
1232	97716
1233	97337
1234	96789
1235	97159
1236	97508
1237	97062
1238	96549
1239	97217
1240	97013
1241	97051
1242	97750
1243	97619
1244	96848
1245	97036
1246	96721
1247	97522
1248	97293
1249	97318
1250	97299
1251	96893
1252	97277
1253	97496
1254	97077
1255	97120
1256	97644
1257	97081
1258	97240
1259	96894
1260	97479
1261	97597
1262	97525
1263	97550
1264	97203
1265	97789
1266	97910
1267	97355
1268	97600
1269	97081
1270	97308
1271	97390
1272	96979
1273	97618
1274	98055
1275	97334
1276	97406
1277	98345
1278	98098
1279	97193
1280	97775
1281	97450
1282	98024
1283	97562
1284	97334
1285	97608
1286	97180
1287	98299
1288	97934
1289	97538
1290	97787
1291	98162
1292	97642
1293	98050
1294	97667
1295	97212
1296	97466
1297	97561
1298	97567
1299	98034
1300	97888
1301	97712
1302	98119
1303	97781
1304	97732
1305	97648
1306	98188
1307	97745
1308	98115
1309	97740
1310	97992
1311	97526
1312	98217
1313	97635
1314	97545
1315	97845
1316	97746
1317	97947
1318	98213
1319	98295
1320	98134
1321	98382
1322	97636
1323	97608
1324	97881
1325	97884
1326	97774
1327	97545
1328	98184
1329	98273
1330	97116
1331	97800
1332	97977
1333	97841
1334	98229
1335	97307
1336	97613
1337	97632
1338	97784
1339	98085
1340	97339
1341	97456
1342	97610
1343	97740
1344	97501
1345	97601
1346	97965
1347	97404
1348	97520
1349	97608
1350	97700
1351	98164
1352	98001
1353	97884
1354	97942
1355	98132
1356	98331
1357	97863
1358	98031
1359	97830
1360	98056
1361	97218
1362	98080
1363	97987
1364	97777
1365	97986
1366	97635
1367	97973
1368	97775
1369	97836
1370	97339
1371	97418
1372	98204
1373	97385
1374	97176
1375	97854
1376	97626
1377	97155
1378	97959
1379	97875
1380	97943
1381	97919
1382	97833
1383	97892
1384	97407
1385	97143
1386	97551
1387	98113
1388	97461
1389	97496
1390	97381
1391	97804
1392	97671
1393	97908
1394	97792
1395	97602
1396	97214
1397	97906
1398	97572
1399	97490
1400	97195
1401	96952
1402	97275
1403	97449
1404	97347
1405	97173
1406	97175
1407	97369
1408	97330
1409	96981
1410	96975
1411	97499
1412	97444
1413	97172
1414	97166
1415	97046
1416	97072
1417	96915
1418	97629
1419	96292
1420	96818
1421	97221
1422	96807
1423	96972
1424	96566
1425	96672
1426	96607
1427	96322
1428	97179
1429	96627
1430	96478
1431	96694
1432	97183
1433	97217
1434	96762
1435	96755
1436	96590
1437	97020
1438	97000
1439	96069
1440	96552
1441	96906
1442	96507
1443	96899
1444	96750
1445	96415
1446	96776
1447	96726
1448	96584
1449	96706
1450	96583
1451	96840
1452	96614
1453	96919
1454	96546
1455	96613
1456	96537
1457	96526
1458	97280
1459	96710
1460	96763
1461	97056
1462	96742
1463	96857
1464	96825
1465	96728
1466	97532
1467	96910
1468	96495
1469	97006
1470	96818
1471	96770
1472	97255
1473	97164
1474	97315
1475	97469
1476	97122
1477	97035
1478	97186
1479	97110
1480	97128
1481	97234
1482	97093
1483	97312
1484	97061
1485	96911
1486	97352
1487	97231
1488	97261
1489	97168
1490	97232
1491	97307
1492	97605
1493	97926
1494	97314
1495	97022
1496	97144
1497	97309
1498	98283
1499	97473
1500	97602
1501	97239
1502	97404
1503	98077
1504	97340
1505	97291
1506	97620
1507	97266
1508	97694
1509	97639
1510	97741
1511	97727
1512	97827
1513	97191
1514	97905
1515	97374
1516	97286
1517	97578
1518	97622
1519	97655
1520	97780
1521	98070
1522	97570
1523	97594
1524	97819
1525	97183
1526	97450
1527	97393
1528	97591
1529	96600
1530	97451
1531	97173
1532	97568
1533	97199
1534	96965
1535	97604
1536	97236
1537	97464
1538	97031
1539	97330
1540	97594
1541	97329
1542	97614
1543	97624
1544	97302
1545	97217
1546	97076
1547	97263
1548	97780
1549	97697
1550	97488
1551	97260
1552	96971
1553	97724
1554	96621
1555	97368
1556	97439
1557	97949
1558	97626
1559	97390
1560	97384
1561	97191
1562	97058
1563	97605
1564	97637
1565	97200
1566	97073
1567	97129
1568	97427
1569	96982
1570	97355
1571	97375
1572	97155
1573	96995
1574	97328
1575	97370
1576	96882
1577	97334
1578	97156
1579	96825
1580	96756
1581	97319
1582	97592
1583	97546
1584	97072
1585	97779
1586	97265
1587	97476
1588	97008
1589	97313
1590	97519
1591	97036
1592	96909
1593	97533
1594	97388
1595	96990
1596	97626
1597	97185
1598	97731
1599	97263
1600	97654
1601	96935
1602	97447
1603	97445
1604	97093
1605	97671
1606	97444
1607	97198
1608	97600
1609	97470
1610	97771
1611	97250
1612	98004
1613	97323
1614	97536
1615	97825
1616	97579
1617	96473
1618	97362
1619	98191
1620	97451
1621	97820
1622	97397
1623	97501
1624	97772
1625	97363
1626	97706
1627	97248
1628	97680
1629	97986
1630	97287
1631	97325
1632	97492
1633	96996
1634	97098
1635	97219
1636	97813
1637	97541
1638	98208
1639	97741
1640	97196
1641	97542
1642	97833
1643	98205
1644	97491
1645	97635
1646	97623
1647	97748
1648	98049
1649	97546
1650	97608
1651	97883
1652	97136
1653	97687
1654	97858
1655	97374
1656	97241
1657	97699
1658	97135
1659	97971
1660	98265
1661	97886
1662	97404
1663	97058
1664	97691
1665	97314
1666	97782
1667	97827
1668	97955
1669	96749
1670	97277
1671	97675
1672	97522
1673	97646
1674	97128
1675	97459
1676	97906
1677	97550
1678	98103
1679	97673
1680	97214
1681	97782
1682	98015
1683	97870
1684	97147
1685	97537
1686	97820
1687	97503
1688	97761
1689	98057
1690	97674
1691	97898
1692	98348
1693	98065
1694	98031
1695	97358
1696	98528
1697	98346
1698	97946
1699	98063
1700	98338
1701	98673
1702	98077
1703	98026
1704	98103
1705	97383
1706	98278
1707	98482
1708	98514
1709	97975
1710	97972
1711	98054
1712	98537
1713	98765
1714	97940
1715	97880
1716	97692
1717	97371
1718	97802
1719	97988
1720	97837
1721	97475
1722	97439
1723	98063
1724	98209
1725	97936
1726	97606
1727	97829
1728	97779
1729	97777
1730	97786
1731	97497
1732	98231
1733	98080
1734	97823
1735	96887
1736	97773
1737	97830
1738	97723
1739	97615
1740	97167
1741	98076
1742	97540
1743	97344
1744	97430
1745	97493
1746	97606
1747	97571
1748	97427
1749	97483
1750	97442
1751	97099
1752	97495
1753	97286
1754	97112
1755	97605
1756	97466
1757	96922
1758	97955
1759	97190
1760	97375
1761	97697
1762	97867
1763	97151
1764	97210
1765	97779
1766	97227
1767	97354
1768	96825
1769	97273
1770	96986
1771	96492
1772	96933
1773	96888
1774	96860
1775	96923
1776	97109
1777	97488
1778	97219
1779	97360
1780	97205
1781	96964
1782	97112
1783	97514
1784	96903
1785	97451
1786	97043
1787	96989
1788	97307
1789	96849
1790	97437
1791	97257
1792	97125
1793	97638
1794	97519
1795	97732
1796	96950
1797	97193
1798	97389
1799	96906
1800	97645
1801	97763
1802	97136
1803	97432
1804	97884
1805	97351
1806	97795
1807	97562
1808	97237
1809	97255
1810	98086
1811	97548
1812	97686
1813	97820
1814	97442
1815	97757
1816	97825
1817	97974
1818	97511
1819	97411
1820	97010
1821	97737
1822	97355
1823	97777
1824	97390
1825	97438
1826	97592
1827	97482
1828	97813
1829	96676
1830	97112
1831	97723
1832	97570
1833	97782
1834	98054
1835	97572
1836	97209
1837	97348
1838	97638
1839	97705
1840	97830
1841	97649
1842	97867
1843	97356
1844	97683
1845	97336
1846	97216
1847	97081
1848	97555
1849	97012
1850	97408
1851	96946
1852	97360
1853	97686
1854	97003
1855	97403
1856	97589
1857	97335
1858	97175
1859	96987
1860	97450
1861	97141
1862	96756
1863	97340
1864	97146
1865	96598
1866	97060
1867	96982
1868	97055
1869	96917
1870	96826
1871	96710
1872	96741
1873	97100
1874	97134
1875	96831
1876	97177
1877	97018
1878	97234
1879	96948
1880	97145
1881	97308
1882	96746
1883	96688
1884	96900
1885	97413
1886	96877
1887	97445
1888	96588
1889	96367
1890	96828
1891	96872
1892	96831
1893	96849
1894	97158
1895	96908
1896	96867
1897	96809
1898	96376
1899	97029
1900	96352
1901	96999
1902	96377
1903	96706
1904	97289
1905	97160
1906	97190
1907	96996
1908	96678
1909	96870
1910	96667
1911	96982
1912	97246
1913	97463
1914	97315
1915	97119
1916	96944
1917	96886
1918	97488
1919	97431
1920	97668
1921	96817
1922	97040
1923	97223
1924	96983
1925	97401
1926	97219
1927	97625
1928	96852
1929	97572
1930	97375
1931	97129
1932	97906
1933	97298
1934	97451
1935	97209
1936	97424
1937	97230
1938	97483
1939	97628
1940	97615
1941	98182
1942	97535
1943	97545
1944	97413
1945	96965
1946	97196
1947	97093
1948	97628
1949	97670
1950	97487
1951	97525
1952	97454
1953	97744
1954	97352
1955	96955
1956	97027
1957	97124
1958	97101
1959	97894
1960	97047
1961	97598
1962	97523
1963	97761
1964	97143
1965	97291
1966	97507
1967	97531
1968	97702
1969	98417
1970	97519
1971	97467
1972	97578
1973	97984
1974	97804
1975	97322
1976	96867
1977	97474
1978	97452
1979	97467
1980	96926
1981	96995
1982	97138
1983	97208
1984	97536
1985	97569
1986	97313
1987	97328
1988	97356
1989	97413
1990	97274
1991	97307
1992	97343
1993	97543
1994	97246
1995	97786
1996	97341
1997	96394
1998	97471
1999	97421
2000	97398
2001	96908
2002	97121
2003	97108
2004	96943
2005	97396
2006	96820
2007	97481
2008	97440
2009	97433
2010	97481
2011	97548
2012	97449
2013	97040
2014	97614
2015	97988
2016	97347
2017	96927
2018	97205
2019	97166
2020	97475
2021	97570
2022	97436
2023	97428
2024	98042
2025	97124
2026	97932
2027	97507
2028	98148
2029	97961
2030	98065
2031	97437
2032	97447
2033	98269
2034	97949
2035	97676
2036	97993
2037	98278
2038	97895
2039	97708
2040	97742
2041	98258
2042	97977
2043	97355
2044	98090
2045	97763
2046	97916
2047	98092
2048	98116
2049	98301
2050	97095
2051	97957
2052	97929
2053	97661
2054	97808
2055	98036
2056	97865
2057	97382
2058	98298
2059	97486
2060	97715
2061	97643
2062	98107
2063	98078
2064	97984
2065	97750
2066	97542
2067	97778
2068	97802
2069	97617
2070	97238
2071	97735
2072	97543
2073	97872
2074	97217
2075	98039
2076	97802
2077	97534
2078	97377
2079	97015
2080	97632
2081	97415
2082	97115
2083	97028
2084	97317
2085	97076
2086	97422
2087	97252
2088	96879
2089	97205
2090	96806
2091	97169
2092	96845
2093	97820
2094	97146
2095	97141
2096	97350
2097	96666
2098	96594
2099	97490
2100	97508
2101	97514
2102	97582
2103	96586
2104	96921
2105	97233
2106	97721
2107	97149
2108	96949
2109	97393
2110	97771
2111	97384
2112	97096
2113	97594
2114	96756
2115	97451
2116	97465
2117	96675
2118	96981
2119	97352
2120	97347
2121	97897
2122	97480
2123	97535
2124	97301
2125	97706
2126	97459
2127	97458
2128	97390
2129	98041
2130	98135
2131	97638
2132	97567
2133	97455
2134	97467
2135	98004
2136	97990
2137	98185
2138	97212
2139	97777
2140	98057
2141	98026
2142	97930
2143	98063
2144	97706
2145	97716
2146	97648
2147	97796
2148	97883
2149	97424
2150	97921
2151	98040
2152	98246
2153	98218
2154	98098
2155	97514
2156	97867
2157	97663
2158	97527
2159	97457
2160	97574
2161	97456
2162	98194
2163	98241
2164	96886
2165	97202
2166	97983
2167	97573
2168	97890
2169	98577
2170	98320
2171	97394
2172	97866
2173	98276
2174	97719
2175	97854
2176	98037
2177	97643
2178	97771
2179	97611
2180	97512
2181	97442
2182	97219
2183	97240
2184	97821
2185	97562
2186	97310
2187	97634
2188	96888
2189	97485
2190	97325
2191	97079
2192	97299
2193	96817
2194	97133
2195	96738
2196	97197
2197	96854
2198	96713
2199	97399
2200	97633
2201	96969
2202	96674
2203	97033
2204	97210
2205	96845
2206	96231
2207	96955
2208	96805
2209	97562
2210	96343
2211	96366
2212	96851
2213	96733
2214	96828
2215	96672
2216	96800
2217	96744
2218	96783
2219	97057
2220	97033
2221	97111
2222	96606
2223	97005
2224	97089
2225	97100
2226	96683
2227	96811
2228	96535
2229	97201
2230	96268
2231	97176
2232	96900
2233	96925
2234	96386
2235	96797
2236	96875
2237	97200
2238	96490
2239	97282
2240	96697
2241	97084
2242	97602
2243	97189
2244	96965
2245	96967
2246	98015
2247	96907
2248	97657
2249	97753
2250	97650
2251	97567
2252	97355
2253	96819
2254	97140
2255	97498
2256	97108
2257	97660
2258	97725
2259	97553
2260	97392
2261	97403
2262	97486
2263	97977
2264	97930
2265	97225
2266	97290
2267	97776
2268	97371
2269	97598
2270	97563
2271	97997
2272	97393
2273	97621
2274	97420
2275	97067
2276	97667
2277	97132
2278	96924
2279	97296
2280	97597
2281	97555
2282	97705
2283	97745
2284	97482
2285	97515
2286	97749
2287	97511
2288	97520
2289	97597
2290	97524
2291	97503
2292	97471
2293	97507
2294	96953
2295	97443
2296	97479
2297	97044
2298	97272
2299	97418
2300	96915
2301	97662
2302	96535
2303	96345
2304	97003
2305	96634
2306	96896
2307	96719
2308	97770
2309	96550
2310	97030
2311	96780
2312	96705
2313	96757
2314	96792
2315	97211
2316	96590
2317	96707
2318	96702
2319	96857
2320	97202
2321	96689
2322	96668
2323	97150
2324	96840
2325	96670
2326	96281
2327	97087
2328	96955
2329	96880
2330	97216
2331	97193
2332	96287
2333	96848
2334	97345
2335	96467
2336	96898
2337	97113
2338	96571
2339	96398
2340	97268
2341	96938
2342	96610
2343	96992
2344	96929
2345	97015
2346	97664
2347	97247
2348	96661
2349	97767
2350	97018
2351	97063
2352	97443
2353	97402
2354	98023
2355	97596
2356	97612
2357	97436
2358	97447
2359	97393
2360	97657
2361	97452
2362	97399
2363	97809
2364	97639
2365	97612
2366	97310
2367	97794
2368	97168
2369	98000
2370	97562
2371	98143
2372	97718
2373	97668
2374	97868
2375	97872
2376	97370
2377	97527
2378	97267
2379	97818
2380	97778
2381	97419
2382	97435
2383	98231
2384	98015
2385	98228
2386	98003
2387	97897
2388	97994
2389	98342
2390	98050
2391	98137
2392	97924
2393	97884
2394	97978
2395	97340
2396	98207
2397	97484
2398	98282
2399	97799
2400	97942
2401	98222
2402	97723
2403	97688
2404	97109
2405	96953
2406	97700
2407	97440
2408	97723
2409	97468
2410	97448
2411	97075
2412	97054
2413	97201
2414	97584
2415	97690
2416	97380
2417	97582
2418	97904
2419	97107
2420	97312
2421	97322
2422	96945
2423	97381
2424	96549
2425	96819
2426	96895
2427	97199
2428	96689
2429	96918
2430	96989
2431	97092
2432	96973
2433	97261
2434	97376
2435	97375
2436	97177
2437	97169
2438	96585
2439	97232
2440	96379
2441	96359
2442	97198
2443	96607
2444	96471
2445	96698
2446	96682
2447	97084
2448	97522
2449	97321
2450	97047
2451	97198
2452	97294
2453	96814
2454	96543
2455	97368
2456	97496
2457	97468
2458	96563
2459	97433
2460	97202
2461	97219
2462	97190
2463	96910
2464	97219
2465	97829
2466	97165
2467	97365
2468	97736
2469	97476
2470	97193
2471	97622
2472	97579
2473	97394
2474	97947
2475	97856
2476	97498
2477	97471
2478	97474
2479	97518
2480	97829
2481	97510
2482	97548
2483	96978
2484	97812
2485	98061
2486	97819
2487	97541
2488	97903
2489	98354
2490	97510
2491	97970
2492	98179
2493	97618
2494	98241
2495	98339
2496	98044
2497	98388
2498	97639
2499	98236
2500	97886
2501	97886
2502	97813
2503	98189
2504	97446
2505	98565
2506	97884
2507	97971
2508	98152
2509	98076
2510	97831
2511	98007
2512	98144
2513	97746
2514	97609
2515	97659
2516	97888
2517	97531
2518	96902
2519	98191
2520	97923
2521	97899
2522	98262
2523	97593
2524	97279
2525	97606
2526	98036
2527	97967
2528	97564
2529	97754
2530	97535
2531	96466
2532	97808
2533	97533
2534	97167
2535	97515
2536	97577
2537	97353
2538	97880
2539	97457
2540	97786
2541	96893
2542	96852
2543	96642
2544	97167
2545	97335
2546	96981
2547	97152
2548	97278
2549	96813
2550	97618
2551	97264
2552	97382
2553	96866
2554	96997
2555	96958
2556	97067
2557	97225
2558	97186
2559	96792
2560	97526
2561	97436
2562	97186
2563	97646
2564	97074
2565	97234
2566	97429
2567	96829
2568	97152
2569	96870
2570	96908
2571	96980
2572	97239
2573	97083
2574	97856
2575	97690
2576	97298
2577	97684
2578	97627
2579	97287
2580	98026
2581	97553
2582	97462
2583	97635
2584	98057
2585	97607
2586	98059
2587	97705
2588	97700
2589	97779
2590	98245
2591	97539
2592	97743
2593	98096
2594	97745
2595	97156
2596	97577
2597	97439
2598	97730
2599	98287
2600	97960
2601	97868
2602	97759
2603	97525
2604	97542
2605	97791
2606	98099
2607	98427
2608	97479
2609	98001
2610	98109
2611	97545
2612	97479
2613	97881
2614	97259
2615	98323
2616	97827
2617	98145
2618	97524
2619	97541
2620	97591
2621	97733
2622	97837
2623	97814
2624	97655
2625	97791
2626	97655
2627	97404
2628	97420
2629	97533
2630	97807
2631	97930
2632	97775
2633	97317
2634	97600
2635	97860
2636	98116
2637	96656
2638	97542
2639	97681
2640	97488
2641	97094
2642	97575
2643	97417
2644	97438
2645	97599
2646	97400
2647	97055
2648	97786
2649	97190
2650	97075
2651	97745
2652	97304
2653	97657
2654	97166
2655	96943
2656	97333
2657	97506
2658	97574
2659	97650
2660	97476
2661	97645
2662	97172
2663	97162
2664	96886
2665	97357
2666	97713
2667	96811
2668	97197
2669	96549
2670	97510
2671	97672
2672	97290
2673	97595
2674	97772
2675	97424
2676	97624
2677	97393
2678	98005
2679	97589
2680	98066
2681	97049
2682	97366
2683	97401
2684	97466
2685	97602
2686	97614
2687	96922
2688	97700
2689	96940
2690	97820
2691	97875
2692	97549
2693	97473
2694	97146
2695	97883
2696	97394
2697	97077
2698	97286
2699	97507
2700	96959
2701	97406
2702	97221
2703	98213
2704	97101
2705	98211
2706	97625
2707	97220
2708	97527
2709	97370
2710	97670
2711	96944
2712	97802
2713	97918
2714	97815
2715	97442
2716	98040
2717	97726
2718	97666
2719	97617
2720	97664
2721	97475
2722	97692
2723	97352
2724	97525
2725	97481
2726	97587
2727	97450
2728	97081
2729	97298
2730	97424
2731	97776
2732	97609
2733	97459
2734	97296
2735	97098
2736	97261
2737	96447
2738	97133
2739	97154
2740	97154
2741	97412
2742	97031
2743	96669
2744	96774
2745	97358
2746	97419
2747	97231
2748	96777
2749	97367
2750	96937
2751	97109
2752	96679
2753	96859
2754	97484
2755	96970
2756	97424
2757	96886
2758	97176
2759	97183
2760	96989
2761	97148
2762	96902
2763	97432
2764	96703
2765	97360
2766	96912
2767	96399
2768	96836
2769	97543
2770	97172
2771	96447
2772	96554
2773	97284
2774	97446
2775	96510
2776	97158
2777	97107
2778	97238
2779	97187
2780	96779
2781	97384
2782	97167
2783	97012
2784	96947
2785	96965
2786	97515
2787	97436
2788	96771
2789	97621
2790	97213
2791	97494
2792	97154
2793	97567
2794	97750
2795	97658
2796	97520
2797	97474
2798	97330
2799	97119
2800	98250
2801	97379
2802	97738
2803	97956
2804	97233
2805	97478
2806	98286
2807	97403
2808	98259
2809	97790
2810	97550
2811	97802
2812	97717
2813	97649
2814	97825
2815	98141
2816	98252
2817	98056
2818	97998
2819	97796
2820	97990
2821	97815
2822	98237
2823	98681
2824	97720
2825	98173
2826	98600
2827	97682
2828	98078
2829	98307
2830	98337
2831	98161
2832	98429
2833	98313
2834	98428
2835	98285
2836	98129
2837	98678
2838	98559
2839	98248
2840	97861
2841	98297
2842	98344
2843	98176
2844	97935
2845	98232
2846	98522
2847	97799
2848	98648
2849	98452
2850	97891
2851	98323
2852	98466
2853	97899
2854	98005
2855	98022
2856	98309
2857	98363
2858	97734
2859	98246
2860	97838
2861	97929
2862	97941
2863	97695
2864	97778
2865	98033
2866	97585
2867	97380
2868	97787
2869	97053
2870	97747
2871	97257
2872	97459
2873	98533
2874	97413
2875	98038
2876	97283
2877	97931
2878	97505
2879	97678
2880	97279
2881	97584
2882	97429
2883	97925
2884	97701
2885	97451
2886	97500
2887	97311
2888	97312
2889	97123
2890	97520
2891	96983
2892	97437
2893	97049
2894	97416
2895	97411
2896	97428
2897	97628
2898	97552
2899	97391
2900	96912
2901	97143
2902	97297
2903	96917
2904	97684
2905	97416
2906	97980
2907	97564
2908	97372
2909	97915
2910	97081
2911	97388
2912	96974
2913	97062
2914	96935
2915	97449
2916	96697
2917	97221
2918	96836
2919	97269
2920	97040
2921	97492
2922	97337
2923	97000
2924	97471
2925	97728
2926	96894
2927	97656
2928	97101
2929	97348
2930	97138
2931	97390
2932	96777
2933	97104
2934	97095
2935	96895
2936	96908
2937	96925
2938	96408
2939	97076
2940	97006
2941	97341
2942	96819
2943	96339
2944	97759
2945	96582
2946	96050
2947	95930
2948	96728
2949	96424
2950	96820
2951	96508
2952	96935
2953	96507
2954	96300
2955	96694
2956	96201
2957	96092
2958	96335
2959	96576
2960	96487
2961	96109
2962	96706
2963	96607
2964	96636
2965	96917
2966	96203
2967	96124
2968	96210
2969	96688
2970	96247
2971	96143
2972	96217
2973	96439
2974	96193
2975	96642
2976	96618
2977	96515
2978	96395
2979	96067
2980	96388
2981	96251
2982	96067
2983	96500
2984	96286
2985	96220
2986	96761
2987	96499
2988	96405
2989	96431
2990	96389
2991	97140
2992	97145
2993	96432
2994	96613
2995	96638
2996	96368
2997	96165
2998	96668
2999	97098
3000	96608
3001	97069
3002	97080
3003	97279
3004	97355
3005	97509
3006	97312
3007	97339
3008	97424
3009	96996
3010	97677
3011	97549
3012	97523
3013	97383
3014	97705
3015	98386
3016	97733
3017	97460
3018	97456
3019	97207
3020	97447
3021	97405
3022	97919
3023	97881
3024	97462
3025	97916
3026	97781
3027	98075
3028	97860
3029	98615
3030	98126
3031	97614
3032	98282
3033	98138
3034	98232
3035	97898
3036	97870
3037	98092
3038	98286
3039	98584
3040	98310
3041	97783
3042	97890
3043	98617
3044	98781
3045	97979
3046	98174
3047	98086
3048	98865
3049	98500
3050	98194
3051	98437
3052	98033
3053	98189
3054	98383
3055	98165
3056	98182
3057	97781
3058	97943
3059	98555
3060	98323
3061	98494
3062	98079
3063	98204
3064	98136
3065	98206
3066	98060
3067	98287
3068	98172
3069	98206
3070	98485
3071	97043
3072	98109
3073	98085
3074	97785
3075	97630
3076	98012
3077	97691
3078	97662
3079	98020
3080	98272
3081	97777
3082	97514
3083	98402
3084	97298
3085	97246
3086	96788
3087	97298
3088	97631
3089	97117
3090	97053
3091	97194
3092	97086
3093	97202
3094	97034
3095	96817
3096	97317
3097	97241
3098	97372
3099	96708
3100	97220
3101	96920
3102	97234
3103	97435
3104	97518
3105	96974
3106	96996
3107	96417
3108	96519
3109	97343
3110	97130
3111	96871
3112	96800
3113	96834
3114	97014
3115	96417
3116	96934
3117	97299
3118	97812
3119	96985
3120	97327
3121	97068
3122	97102
3123	97240
3124	96969
3125	96904
3126	96923
3127	96671
3128	97012
3129	96916
3130	96777
3131	96797
3132	96520
3133	96965
3134	96854
3135	97315
3136	96967
3137	96784
3138	97350
3139	96711
3140	96757
3141	97156
3142	96645
3143	96482
3144	96704
3145	97403
3146	96752
3147	96258
3148	97084
3149	96572
3150	96830
3151	97081
3152	96215
3153	96671
3154	96531
3155	96998
3156	96951
3157	96519
3158	96541
3159	96430
3160	96633
3161	96736
3162	96701
3163	96934
3164	96080
3165	96680
3166	96171
3167	96377
3168	96517
3169	96416
3170	95902
3171	96775
3172	96568
3173	96300
3174	96693
3175	96748
3176	96212
3177	96551
3178	96645
3179	95940
3180	96392
3181	96515
3182	95957
3183	96783
3184	96628
3185	96651
3186	96129
3187	96570
3188	96145
3189	96777
3190	96380
3191	96274
3192	96787
3193	96018
3194	96703
3195	96484
3196	96449
3197	96496
3198	96471
3199	96599
3200	96009
3201	96599
3202	96445
3203	97249
3204	96956
3205	97195
3206	96248
3207	96768
3208	96692
3209	96704
3210	96893
3211	97262
3212	97195
3213	97010
3214	96921
3215	97499
3216	97164
3217	97111
3218	97275
3219	97449
3220	97567
3221	97504
3222	96970
3223	97381
3224	97620
3225	98086
3226	97761
3227	97829
3228	97713
3229	97641
3230	98343
3231	97966
3232	97449
3233	98266
3234	98136
3235	97721
3236	98021
3237	98207
3238	98130
3239	98333
3240	97952
3241	98137
3242	97967
3243	98943
3244	98323
3245	99019
3246	98877
3247	98146
3248	99142
3249	99258
3250	98456
3251	99224
3252	99223
3253	98982
3254	99254
3255	98604
3256	99367
3257	99220
3258	99422
3259	99339
3260	99160
3261	99642
3262	99101
3263	99415
3264	99279
3265	99718
3266	99668
3267	99800
3268	99964
3269	99532
3270	99786
3271	99869
3272	99423
3273	98886
3274	99455
3275	99505
3276	99168
3277	99811
3278	99541
3279	99786
3280	99817
3281	99599
3282	99570
3283	99656
3284	99397
3285	99760
3286	100001
3287	99519
3288	99100
3289	98869
3290	99616
3291	99081
3292	99281
3293	99853
3294	99472
3295	98738
3296	98957
3297	99390
3298	99250
3299	99056
3300	99189
3301	99024
3302	99158
3303	99315
3304	98584
3305	98239
3306	98715
3307	98867
3308	99008
3309	98957
3310	98227
3311	98724
3312	98644
3313	98291
3314	98549
3315	98589
3316	98708
3317	98758
3318	97975
3319	98344
3320	98258
3321	98629
3322	98264
3323	97692
3324	98745
3325	98141
3326	97792
3327	98022
3328	98697
3329	97852
3330	98169
3331	97581
3332	98022
3333	97791
3334	97630
3335	98537
3336	97789
3337	98449
3338	97979
3339	97748
3340	97240
3341	97570
3342	97738
3343	97456
3344	97917
3345	98093
3346	97130
3347	97372
3348	97246
3349	97714
3350	96965
3351	97076
3352	97209
3353	97730
3354	97583
3355	97249
3356	96898
3357	97567
3358	97332
3359	97217
3360	97068
3361	97804
3362	97280
3363	97364
3364	97345
3365	97949
3366	97147
3367	97432
3368	97047
3369	97466
3370	97398
3371	97019
3372	97211
3373	97695
3374	96919
3375	97211
3376	96931
3377	97364
3378	96849
3379	97528
3380	97021
3381	97672
3382	96770
3383	96819
3384	96775
3385	96761
3386	97058
3387	97203
3388	97049
3389	97084
3390	97103
3391	97047
3392	97123
3393	97377
3394	97005
3395	97189
3396	96837
3397	97434
3398	97118
3399	97232
3400	96826
3401	96673
3402	96638
3403	97075
3404	97593
3405	97028
3406	97186
3407	97327
3408	97169
3409	97464
3410	96911
3411	96974
3412	96767
3413	97220
3414	97086
3415	97748
3416	97525
3417	96758
3418	97429
3419	97152
3420	97477
3421	97167
3422	97177
3423	97283
3424	97503
3425	97436
3426	97816
3427	97494
3428	97834
3429	97608
3430	97661
3431	97843
3432	98031
3433	97508
3434	98184
3435	97174
3436	97677
3437	98112
3438	97960
3439	98015
3440	97905
3441	98037
3442	97720
3443	97610
3444	97769
3445	98036
3446	98368
3447	98034
3448	98063
3449	98315
3450	98493
3451	98376
3452	98735
3453	98095
3454	98578
3455	98691
3456	98351
3457	98648
3458	99192
3459	98546
3460	98771
3461	99099
3462	98838
3463	99396
3464	98899
3465	98993
3466	98865
3467	98921
3468	99167
3469	98726
3470	98587
3471	98954
3472	98708
3473	98685
3474	99361
3475	99355
3476	99129
3477	99518
3478	98836
3479	99290
3480	98635
3481	99261
3482	98963
3483	98888
3484	98953
3485	99052
3486	98776
3487	99222
3488	99442
3489	98784
3490	99147
3491	99062
3492	99218
3493	98986
3494	99234
3495	99296
3496	99301
3497	99099
3498	98623
3499	98840
3500	98956
3501	99089
3502	98651
3503	99174
3504	99130
3505	98549
3506	99474
3507	98697
3508	98257
3509	98758
3510	98589
3511	98215
3512	98398
3513	97992
3514	98876
3515	99021
3516	98216
3517	98466
3518	98643
3519	98019
3520	98319
3521	98028
3522	97477
3523	98292
3524	98186
3525	98509
3526	97867
3527	97690
3528	98178
3529	97254
3530	97531
3531	97967
3532	97498
3533	98039
3534	97514
3535	97805
3536	96924
3537	97521
3538	97093
3539	97745
3540	97081
3541	97286
3542	97363
3543	96983
3544	97292
3545	96920
3546	96314
3547	96885
3548	96848
3549	96589
3550	96611
3551	96755
3552	97078
3553	97141
3554	96922
3555	96691
3556	97016
3557	96517
3558	95987
3559	96498
3560	96051
3561	96649
3562	96963
3563	96738
3564	96545
3565	96774
3566	96663
3567	96060
3568	95684
3569	95727
3570	95680
3571	96484
3572	96445
3573	95484
3574	96026
3575	96483
3576	96259
3577	96531
3578	96093
3579	95840
3580	96360
3581	96468
3582	96882
3583	96269
3584	96243
3585	95697
3586	96411
3587	96822
3588	96378
3589	96444
3590	95758
3591	96480
3592	95972
3593	96741
3594	96028
3595	95895
3596	95957
3597	96044
3598	96416
3599	96372
3600	96418
3601	96083
3602	96313
3603	96333
3604	95706
3605	96667
3606	96376
3607	96437
3608	96402
3609	96036
3610	96644
3611	96775
3612	96735
3613	96964
3614	96334
3615	96543
3616	96589
3617	95993
3618	96904
3619	96414
3620	96676
3621	96797
3622	96578
3623	96584
3624	96540
3625	97255
3626	96525
3627	97263
3628	96841
3629	96717
3630	96973
3631	96735
3632	97223
3633	96684
3634	97666
3635	97518
3636	97054
3637	97282
3638	97553
3639	97667
3640	97412
3641	97314
3642	97210
3643	97751
3644	96946
3645	97504
3646	97864
3647	98031
3648	98034
3649	98206
3650	98090
3651	97330
3652	97318
3653	98146
3654	97936
3655	97910
3656	98442
3657	98526
3658	97980
3659	97973
3660	98205
3661	98257
3662	98133
3663	98622
3664	98266
3665	98145
3666	98269
3667	99158
3668	98440
3669	98636
3670	98518
3671	98091
3672	98428
3673	98254
3674	98483
3675	98350
3676	98627
3677	97923
3678	98269
3679	98535
3680	98668
3681	98608
3682	98300
3683	98466
3684	98364
3685	98893
3686	98533
3687	98434
3688	98793
3689	98580
3690	97649
3691	98153
3692	97890
3693	97591
3694	98546
3695	98593
3696	98637
3697	97888
3698	97827
3699	97865
3700	98334
3701	97928
3702	97746
3703	97773
3704	97715
3705	97801
3706	98013
3707	97759
3708	97842
3709	97731
3710	97508
3711	97282
3712	97520
3713	97660
3714	98025
3715	97333
3716	97894
3717	97877
3718	96994
3719	97100
3720	97290
3721	96994
3722	97217
3723	96659
3724	96191
3725	96895
3726	97393
3727	96460
3728	97033
3729	96346
3730	96431
3731	96751
3732	96987
3733	96418
3734	96265
3735	96161
3736	96830
3737	96718
3738	96462
3739	96968
3740	95960
3741	95827
3742	96076
3743	96048
3744	95890
3745	95763
3746	95808
3747	96049
3748	96704
3749	96038
3750	96438
3751	96251
3752	95898
3753	95918
3754	95606
3755	96012
3756	96188
3757	96253
3758	95821
3759	95995
3760	96036
3761	96385
3762	96121
3763	95691
3764	95727
3765	95751
3766	96044
3767	96467
3768	96270
3769	95777
3770	96490
3771	96360
3772	95998
3773	95783
3774	96254
3775	96019
3776	96288
3777	96357
3778	96658
3779	96115
3780	96942
3781	96008
3782	96627
3783	96965
3784	96291
3785	96616
3786	96262
3787	96497
3788	97215
3789	97442
3790	97338
3791	96875
3792	97258
3793	97002
3794	96878
3795	97253
3796	97081
3797	96772
3798	97286
3799	97316
3800	97662
3801	97562
3802	97644
3803	97661
3804	98063
3805	97459
3806	97829
3807	97935
3808	97580
3809	98462
3810	98307
3811	98171
3812	98436
3813	99066
3814	98092
3815	98605
3816	98632
3817	98561
3818	99042
3819	98458
3820	98824
3821	98663
3822	98662
3823	99171
3824	98431
3825	98995
3826	99001
3827	98824
3828	99322
3829	99453
3830	99436
3831	98875
3832	98803
3833	97898
3834	97198
3835	96231
3836	95670
3837	96226
3838	95163
3839	95134
3840	95221
3841	95052
3842	94834
3843	94398
3844	93870
3845	92841
3846	91943
3847	89762
3848	86029
3849	77349
3850	65816
3851	55936
3852	45928
3853	37989
3854	31510
3855	25993
3856	21729
3857	17463
3858	14477
3859	11307
3860	8824
3861	6510
3862	4706
3863	3219
3864	1995
3865	1355
3866	856
3867	520
3868	346
3869	210
3870	139
3871	79
3872	66
3873	53
3874	42
3875	47
3876	30
3877	31
3878	42
3879	37
3880	30
3881	40
3882	35
3883	43
3884	42
3885	45
3886	41
3887	30
3888	41
3889	37
3890	33
3891	42
3892	37
3893	38
3894	41
3895	35
3896	38
3897	27
3898	41
3899	25
3900	37
3901	46
3902	45
3903	47
3904	38
3905	31
3906	30
3907	43
3908	41
3909	37
3910	44
3911	37
3912	36
3913	38
3914	44
3915	39
3916	36
3917	46
3918	35
3919	53
3920	36
3921	25
3922	35
3923	45
3924	43
3925	47
3926	29
3927	28
3928	45
3929	41
3930	34
3931	46
3932	41
3933	47
3934	37
3935	42
3936	52
3937	46
3938	32
3939	36
3940	36
3941	36
3942	46
3943	41
3944	39
3945	34
3946	38
3947	37
3948	39
3949	35
3950	34
3951	41
3952	30
3953	37
3954	42
3955	47
3956	32
3957	35
3958	56
3959	54
3960	53
3961	42
3962	43
3963	46
3964	44
3965	43
3966	41
3967	55
3968	49
3969	46
3970	53
3971	50
3972	55
3973	47
3974	48
3975	38
3976	39
3977	65
3978	51
3979	50
3980	50
3981	41
3982	64
3983	46
3984	37
3985	46
3986	42
3987	43
3988	54
3989	52
3990	61
3991	56
3992	53
3993	49
3994	46
3995	49
3996	59
3997	63
3998	49
3999	56
4000	65
4001	49
4002	48
4003	46
4004	63
4005	56
4006	69
4007	48
4008	53
4009	58
4010	44
4011	49
4012	51
4013	54
4014	67
4015	47
4016	62
4017	65
4018	62
4019	63
4020	64
4021	74
4022	54
4023	53
4024	66
4025	57
4026	41
4027	42
4028	37
4029	45
4030	40
4031	32
4032	32
4033	34
4034	37
4035	38
4036	39
4037	30
4038	35
4039	38
4040	41
4041	31
4042	34
4043	26
4044	29
4045	39
4046	29
4047	36
4048	33
4049	40
4050	29
4051	46
4052	27
4053	25
4054	33
4055	30
4056	32
4057	40
4058	41
4059	30
4060	25
4061	29
4062	32
4063	23
4064	17
4065	21
4066	5
4067	1
4068	0
4069	0
4070	0
4071	0
4072	0
4073	0
4074	0
4075	0
4076	0
4077	0
4078	0
4079	0
4080	0
4081	0
4082	0
4083	0
4084	0
4085	0
4086	0
4087	0
4088	0
4089	0
4090	0
4091	0
4092	0
4093	0
4094	0
4095	0
4096	0
