28
32
38
23
30
28
25
32
31
31
29
20
39
28
28
30
24
23
38
39
40
70
105
121
183
191
228
308
388
382
474
540
689
802
914
1099
1279
1601
1969
2442
3142
3840
4663
5540
6458
7101
7984
8734
9246
9581
9879
10258
10295
10556
10689
10574
10502
10607
10255
10216
10331
10229
10213
10057
10006
9930
9655
9627
9434
9414
9607
9359
9344
9003
8986
8887
9066
8751
8853
8741
8631
8283
8334
8382
8127
8221
8130
7999
7832
7791
7586
7452
7570
7556
7477
7348
7380
7171
7081
6983
6874
6902
6842
6754
6598
6542
6643
6497
6411
6397
6283
6340
6180
6218
6041
6035
5998
5883
5868
5732
5567
5669
5500
5658
5607
5551
5509
5377
5395
5320
5420
5286
5172
5114
5149
5048
5020
4890
4911
4827
4814
4690
4616
4691
4578
4642
4609
4527
4444
4407
4479
4273
4247
4198
4163
4127
4211
4131
3998
4095
3935
4110
3945
3898
3991
3744
3733
3749
3658
3599
3608
3527
3653
3559
3504
3541
3384
3593
3349
3490
3355
3343
3300
3225
3236
3270
3173
3178
3048
3022
3055
3014
3050
3030
3014
2894
2913
2858
2950
2728
2745
2881
2747
2731
2762
2738
2626
2603
2739
2581
2653
2534
2438
2448
2523
2446
2429
2467
2461
2316
2423
2313
2366
2332
2291
2238
2207
2168
2255
2185
2102
2082
2187
2131
2072
2036
2090
2106
2039
1887
1985
1946
1915
1897
1876
1817
1904
1904
1825
1835
1795
1742
1721
1767
1825
1788
1716
1709
1722
1732
1687
1698
1680
1628
1657
1630
1624
1598
1573
1562
1546
1542
1558
1559
1469
1549
1498
1453
1427
1376
1437
1368
1419
1415
1379
1363
1347
1315
1270
1331
1294
1245
1219
1338
1239
1224
1247
1175
1239
1278
1214
1205
1224
1181
1162
1183
1111
1143
1098
1113
1039
1068
1094
1063
1046
1078
1056
1020
1015
967
1017
963
999
958
963
960
1047
935
925
915
853
935
948
917
911
882
885
876
900
872
890
844
837
860
834
764
835
782
814
792
810
762
778
747
724
750
728
709
749
725
749
730
659
720
708
690
661
683
656
633
720
645
662
673
597
646
660
651
588
608
652
601
612
624
554
562
575
590
610
588
540
553
564
577
524
548
547
520
517
528
493
526
492
521
515
454
530
470
520
481
484
524
478
460
514
464
469
468
482
405
444
437
453
446
460
423
442
437
426
405
425
430
389
456
404
386
410
362
376
392
358
368
358
375
402
370
342
367
365
353
334
354
352
308
344
368
323
354
344
331
287
311
311
328
336
298
254
303
291
275
290
274
311
297
289
303
287
286
292
253
259
292
281
284
282
279
234
260
257
248
257
231
253
246
222
221
224
219
248
224
255
203
210
241
242
228
201
204
194
196
223
225
219
200
216
187
227
189
196
174
209
188
184
200
205
210
186
199
182
168
165
172
180
176
189
180
155
183
171
166
182
166
180
185
167
154
175
152
168
146
156
164
152
159
165
146
138
166
150
131
142
148
140
134
126
121
159
143
135
130
158
117
121
153
119
108
124
145
124
125
117
128
110
124
129
149
111
122
111
120
114
122
110
118
105
102
109
99
92
88
111
110
112
120
84
81
107
87
110
112
99
96
107
93
105
102
100
75
95
88
87
79
88
83
99
99
88
78
84
79
77
62
79
75
78
69
97
96
84
65
54
78
81
78
66
92
80
66
73
69
72
54
59
57
74
52
73
70
55
73
89
78
63
67
75
67
51
62
63
66
75
54
53
64
58
40
44
67
76
49
48
59
51
46
58
68
49
65
49
47
48
56
65
51
57
40
42
58
45
53
45
49
50
48
59
44
47
46
47
51
53
51
47
35
49
50
39
58
28
40
42
49
51
43
42
50
45
48
39
51
38
32
40
43
48
37
42
32
44
43
34
33
43
27
36
39
36
40
21
42
30
31
47
38
44
34
42
35
41
44
33
27
37
37
41
38
32
31
28
26
43
30
31
32
29
31
28
37
28
23
26
14
3
2
0
0
0
0
0
0
0
0
0
0
0
0
0
0
0
0
0
0
0
0
0
0
0
0
0
0
0
0
0
0
0
0
0
0
0
0
0
0
0
0
0
0
0
0
0
0
0
0
0
0
0
0
0
0
0
0
0
0
0
0
0
0
0
0
0
0
0
0
0
0
0
0
0
0
0
0
0
0
0
0
0
0
0
0
0
0
0
0
0
0
0
0
0
0
0
0
0
0
0
0
0
0
0
0
0
0
0
0
0
0
0
0
0
0
0
0
0
0
0
0
0
0
0
0
0
0
0
0
0
0
0
0
0
0
0
0
0
0
0
0
0
0
0
0
0
0
0
0
0
0
0
0
0
0
0
0
0
0
0
0
0
0
0
0
0
0
0
0
0
0
0
0
0
0
0
0
0
0
0
0
0
0
0
0
0
0
0
0
0
0
0
0
0
0
0
0
0
0
0
0
0
0
0
0
0
0
0
0
0
0
0
0
0
0
0
0
0
0
0
0
0
0
0
0
0
0
0
0
0
0
0
0
0
0
0
0
0
0
0
0
17
18
24
20
23
18
28
9
17
22
18
21
18
17
25
28
23
28
42
49
83
88
118
174
228
239
346
361
406
549
610
694
821
926
1079
1317
1619
1961
2379
3098
3765
4599
5372
6067
6837
7226
7593
7929
8054
8197
8255
8369
8265
8094
7949
7983
7939
7960
7851
7687
7558
7619
7422
7374
7302
7178
7111
7088
7089
7085
6934
6811
6860
6631
6669
6722
6548
6515
6453
6507
6157
6300
6301
6166
6205
6116
6204
5998
5952
5823
5812
5895
5790
5560
5604
5601
5568
5344
5258
5361
5322
5170
5278
5032
4943
5048
5056
4848
4868
4912
4797
4656
4678
4628
4622
4574
4614
4385
4467
4363
4391
4314
4193
4188
4243
4132
4114
4063
4022
3947
3766
3893
3822
3753
3690
3836
3704
3816
3738
3685
3480
3601
3483
3438
3474
3495
3438
3398
3326
3409
3278
3244
3377
3306
3223
3142
3156
3105
3033
3029
2969
3079
3047
2859
3102
2950
2912
2807
2757
2908
2718
2655
2697
2869
2783
2717
2727
2624
2640
2525
2484
2572
2563
2480
2446
2383
2303
2453
2266
2271
2462
2326
2307
2363
2196
2227
2214
2214
2124
2087
2128
2120
2077
2088
2016
2002
2080
2045
2005
1963
1986
1939
1845
1913
1887
1891
1843
1897
1838
1824
1834
1805
1742
1759
1770
1729
1721
1592
1734
1633
1679
1708
1594
1509
1636
1604
1510
1579
1515
1470
1564
1495
1524
1503
1433
1381
1438
1438
1410
1368
1403
1427
1367
1379
1284
1353
1333
1268
1280
1242
1255
1297
1264
1195
1227
1226
1234
1184
1228
1232
1211
1164
1160
1079
1126
1174
1154
1120
1079
1093
1079
1061
1023
1071
1014
1026
1049
998
1023
979
1005
957
987
964
991
927
981
887
921
931
859
925
881
796
862
882
909
897
749
827
862
865
785
849
814
822
792
772
744
749
691
732
738
735
721
753
684
724
714
723
658
634
735
695
681
705
672
655
702
676
643
619
587
641
602
615
593
601
589
613
607
586
605
580
588
597
581
563
557
528
572
545
501
548
538
555
510
521
515
532
526
523
486
483
476
489
479
504
441
444
435
464
484
476
449
448
448
439
439
423
437
408
416
393
375
402
397
395
412
367
419
413
397
340
387
357
384
325
358
375
366
366
346
337
362
329
300
369
336
318
330
320
330
321
302
314
325
328
310
321
303
313
277
315
307
290
278
279
264
271
274
290
262
241
287
276
288
294
268
265
283
258
255
259
255
241
236
215
252
209
239
234
225
219
226
217
224
227
198
210
236
221
200
228
204
220
222
222
195
215
234
199
225
188
206
200
208
197
217
200
196
162
157
198
176
168
167
168
181
167
154
186
172
171
155
181
166
166
163
157
143
154
157
141
142
152
138
141
142
122
174
143
136
128
161
131
151
155
123
142
136
142
142
120
118
134
133
112
118
117
135
121
125
122
144
135
115
125
106
126
110
121
115
99
112
114
104
103
118
105
124
112
108
93
94
103
106
119
122
72
100
103
98
109
97
80
88
96
89
71
78
101
84
79
83
85
94
84
87
87
71
76
86
71
81
93
74
84
91
79
68
55
84
73
83
72
58
64
64
65
77
74
80
84
72
88
68
77
56
72
61
69
69
71
65
66
63
55
63
67
63
56
71
64
50
41
62
52
42
56
58
52
50
56
59
48
50
55
62
45
59
54
55
60
55
43
45
57
44
57
44
42
47
50
47
45
37
60
45
39
43
51
27
41
42
34
40
44
48
55
44
48
49
51
46
34
44
39
37
61
43
34
36
34
55
47
33
33
35
31
44
35
46
34
41
29
34
40
37
31
30
26
44
34
25
30
20
23
37
33
24
27
20
25
29
31
30
30
35
25
19
31
23
26
28
39
31
27
18
37
23
23
29
22
22
22
24
25
37
30
22
22
21
22
23
22
28
27
25
14
19
32
23
31
23
17
31
24
13
20
20
26
25
23
24
21
22
18
14
24
21
8
2
1
0
1
0
0
0
0
0
0
0
0
0
0
0
0
0
0
0
0
0
0
0
0
0
0
0
0
0
0
0
0
0
0
0
0
0
0
0
0
0
0
0
0
0
0
0
0
0
0
0
0
0
0
0
0
0
0
0
0
0
0
0
0
0
0
0
0
0
0
0
0
0
0
0
0
0
0
0
0
0
0
0
0
0
0
0
0
0
0
0
0
0
0
0
0
0
0
0
0
0
0
0
0
0
0
0
0
0
0
0
0
0
0
0
0
0
0
0
0
0
0
0
0
0
0
0
0
0
0
0
0
0
0
0
0
0
0
0
0
0
0
0
0
0
0
0
0
0
0
0
0
0
0
0
0
0
0
0
0
0
0
0
0
0
0
0
0
0
0
0
0
0
0
0
0
0
0
0
0
0
0
0
0
0
0
0
0
0
0
0
0
0
0
0
0
0
0
0
0
0
0
0
0
0
0
0
0
0
0
0
0
0
0
0
0
0
0
0
0
0
0
0
0
0
0
0
0
0
0
0
0
0
0
0
0
0
0
0
0
0
0
