0
0
0
0
0
0
0
0
0
0
0
0
0
0
0
0
0
0
0
0
0
0
0
0
0
0
0
0
0
0
0
0
0
0
0
0
0
0
0
0
0
0
0
0
0
0
0
0
0
0
0
0
0
0
0
0
0
0
0
0
0
0
0
0
0
0
0
0
0
0
0
0
0
0
0
0
0
0
0
0
0
0
0
0
0
0
0
0
0
0
0
0
0
0
0
0
0
0
0
0
0
0
0
0
0
0
0
0
0
0
0
0
0
0
0
0
0
0
0
0
0
0
0
0
0
0
0
0
0
0
0
0
0
0
0
0
0
0
0
0
0
0
0
0
0
0
0
0
0
0
0
0
0
0
0
0
0
0
0
0
0
0
0
0
0
0
0
0
0
0
0
0
0
0
0
0
0
0
0
0
0
0
0
0
0
0
0
0
0
0
0
0
0
0
0
0
0
0
0
0
0
0
0
0
0
0
0
0
0
0
0
0
0
0
0
0
0
0
0
0
0
0
0
0
0
0
0
0
0
0
0
0
0
0
0
0
0
0
0
0
0
0
0
0
1
0
4
14
31
58
61
67
63
64
68
59
67
72
59
78
56
67
67
67
66
65
69
63
62
40
70
44
72
62
89
65
57
83
62
68
58
58
64
77
72
52
70
70
71
63
75
72
70
52
81
62
47
76
53
71
90
58
82
74
85
66
85
82
83
81
74
93
94
109
90
106
128
129
110
144
154
182
200
223
245
253
295
299
351
368
400
464
480
565
603
688
744
779
892
952
1025
1061
1158
1276
1308
1418
1461
1547
1724
1762
1849
1897
1993
2120
2195
2233
2304
2234
2407
2341
2442
2432
2522
2409
2491
2546
2468
2624
2478
2415
2489
2461
2398
2424
2471
2499
2383
2364
2359
2276
2294
2311
2300
2257
2245
2312
2170
2159
2186
2113
2111
2153
2052
2039
2059
2011
2071
2064
2028
1925
1994
1904
1957
1940
1964
1889
1960
1920
1885
1878
1898
1720
1746
1836
1742
1744
1812
1748
1732
1721
1761
1709
1726
1717
1666
1691
1681
1599
1682
1630
1633
1673
1640
1678
1577
1517
1588
1596
1642
1583
1538
1547
1558
1523
1500
1512
1530
1503
1545
1461
1463
1538
1544
1525
1486
1453
1453
1497
1456
1462
1440
1452
1555
1442
1428
1429
1447
1411
1420
1417
1386
1448
1364
1365
1414
1376
1334
1366
1379
1311
1382
1361
1283
1253
1391
1334
1382
1355
1361
1340
1303
1275
1344
1270
1293
1312
1309
1260
1305
1293
1357
1254
1256
1269
1294
1282
1303
1284
1186
1313
1237
1248
1322
1205
1226
1276
1272
1249
1252
1219
1223
1256
1197
1194
1194
1191
1177
1158
1172
1245
1182
1224
1181
1216
1113
1116
1155
1166
1128
1203
1177
1172
1216
1194
1136
1145
1141
1179
1211
1184
1124
1090
1131
1140
1136
1089
1214
1058
1122
1172
1124
1085
1149
1156
1144
1089
1107
1051
1088
1047
1082
1060
1045
1056
1064
1069
1037
1037
1118
1065
1073
1074
1059
1081
979
1044
1110
1054
1033
1062
1034
1004
1032
1025
1049
1065
1057
988
1040
985
1001
979
1019
947
1004
1009
1015
1028
975
1004
1018
1015
979
1027
974
981
981
948
960
979
989
915
1005
945
966
949
886
950
961
969
1017
947
945
884
980
886
937
954
951
948
922
902
953
961
906
926
900
896
901
885
955
951
864
884
892
935
869
877
922
901
934
918
902
873
797
875
918
805
870
872
906
865
867
852
893
807
841
886
832
876
822
865
840
858
897
846
822
830
828
821
813
827
809
846
851
878
792
820
832
807
775
801
729
774
826
800
834
821
789
807
808
760
780
803
778
790
758
827
801
820
788
767
703
785
726
735
744
770
768
805
744
779
749
752
734
715
780
771
746
739
815
775
711
747
772
736
759
708
712
769
771
738
780
694
752
745
738
711
749
725
710
706
731
731
725
732
719
748
684
709
748
730
665
687
697
665
717
664
659
694
667
645
681
683
671
696
637
653
652
693
616
648
666
622
608
678
618
603
651
624
674
617
601
624
695
629
589
656
638
620
621
594
620
634
663
603
620
615
614
617
592
586
599
578
597
561
614
613
595
608
637
572
606
584
541
509
607
606
585
583
589
545
571
581
604
617
532
562
551
586
562
602
620
573
603
615
604
607
596
510
580
509
582
564
526
574
535
531
526
511
504
556
521
519
544
544
590
507
523
520
556
507
528
515
522
502
522
532
504
498
497
523
522
517
499
482
492
514
455
481
480
476
491
511
499
498
455
487
511
479
445
459
458
459
487
487
422
486
494
485
430
443
439
480
483
455
460
477
452
466
486
440
490
480
446
446
463
451
454
472
418
452
438
456
460
487
470
476
436
474
459
454
460
460
438
430
407
425
424
392
446
441
404
396
450
412
425
424
394
406
415
418
380
405
407
401
396
385
414
402
426
404
370
399
385
408
401
420
419
405
379
360
411
403
368
398
381
374
401
364
379
378
370
364
397
354
341
381
357
366
346
366
405
355
340
363
400
326
357
376
368
386
316
382
354
345
350
352
364
345
338
351
352
377
378
387
332
325
367
340
364
340
353
363
304
361
351
388
325
386
326
358
354
323
355
351
330
328
330
334
323
332
335
355
331
316
335
343
339
342
332
326
292
359
312
332
347
342
316
320
354
317
308
317
323
311
336
317
299
284
296
306
302
296
278
298
308
304
300
273
291
294
277
322
319
299
286
274
321
297
323
322
314
333
293
282
287
288
307
281
267
324
259
278
266
298
266
280
305
285
249
327
294
269
295
275
250
280
298
275
301
262
294
277
271
230
270
262
278
274
297
300
266
282
264
282
275
280
269
297
263
283
259
299
263
266
239
254
251
256
276
265
248
258
242
260
244
268
239
261
265
256
237
296
244
230
241
231
269
255
216
214
231
235
219
265
236
235
237
243
245
234
223
260
253
245
266
243
229
259
238
236
212
241
219
246
234
238
237
210
236
238
253
251
215
239
217
245
220
233
228
213
223
200
195
195
241
216
195
206
204
216
215
216
238
226
218
231
194
206
230
208
224
198
227
202
212
186
194
211
186
192
194
203
199
196
195
189
180
219
190
201
180
233
180
193
208
188
185
198
169
200
195
181
194
193
165
179
208
213
161
202
175
206
195
184
180
197
176
202
173
185
177
192
188
191
217
190
194
173
155
202
167
164
190
206
167
178
170
169
204
211
192
186
177
181
175
169
189
182
160
158
182
154
178
161
189
173
176
182
163
191
162
196
159
168
159
170
194
156
176
164
170
174
151
176
196
168
158
169
159
168
162
168
159
150
152
172
167
143
134
155
160
162
167
172
150
154
161
177
139
170
160
156
155
154
195
146
148
170
134
150
150
145
148
153
160
141
183
136
168
155
158
148
184
147
154
139
146
149
157
166
155
127
168
148
146
151
153
144
133
152
151
169
146
113
158
156
155
152
150
114
132
139
146
146
186
122
144
161
155
147
155
143
135
160
138
179
155
141
123
153
156
147
118
127
154
120
142
140
147
134
142
144
159
116
128
145
148
124
142
133
135
123
132
143
146
140
148
140
135
138
147
135
135
104
144
126
155
145
139
120
138
129
117
128
145
127
113
128
126
130
125
122
134
123
126
120
130
104
124
117
108
140
134
132
118
133
112
110
107
144
139
121
130
127
141
107
109
116
129
97
126
109
120
122
124
116
105
97
108
132
116
99
121
146
112
126
105
107
98
107
121
113
108
108
120
117
102
105
112
111
120
125
122
94
86
132
118
108
105
112
110
105
114
95
109
110
110
98
116
109
104
103
108
97
126
108
108
100
92
104
105
109
83
92
116
77
97
124
109
109
107
111
121
100
99
107
100
107
114
116
126
132
84
103
99
103
106
105
105
97
99
96
110
99
109
78
95
118
94
96
115
82
106
105
101
98
93
101
99
103
89
98
95
108
127
97
99
85
109
90
112
88
95
89
107
89
97
91
99
95
107
96
89
102
99
92
92
93
90
101
87
103
84
90
93
98
97
99
103
77
110
104
67
115
85
98
104
115
99
84
92
90
94
87
118
102
96
105
83
100
88
109
100
92
87
88
114
100
97
97
103
80
90
95
82
101
103
105
108
101
87
92
108
91
86
92
84
95
90
123
94
83
110
113
105
108
96
112
103
89
108
124
116
111
108
105
108
96
94
111
117
93
107
130
119
123
111
97
123
113
116
112
111
120
123
114
134
130
104
135
145
128
121
113
140
138
153
147
149
166
158
148
176
164
184
171
189
162
178
180
171
198
204
176
218
216
218
213
238
212
302
349
348
353
247
123
15
2
0
0
0
0
0
0
0
0
0
0
0
0
0
0
0
0
0
0
0
0
0
0
0
0
0
0
0
0
0
0
0
0
0
0
0
0
0
0
0
0
0
0
0
0
0
0
0
0
0
0
0
0
0
0
0
0
0
0
0
0
0
0
0
0
0
0
0
0
0
0
0
0
0
0
0
0
0
0
0
0
0
0
0
0
0
0
0
0
0
0
0
0
0
0
0
0
0
0
0
0
0
0
0
0
0
0
0
0
0
0
0
0
0
0
0
0
0
0
0
0
0
0
0
0
0
0
0
0
0
0
0
0
0
0
0
0
0
0
0
0
0
0
0
0
0
0
0
0
0
0
0
0
0
0
0
0
0
0
0
0
0
0
0
0
0
0
0
0
0
0
0
0
0
0
0
0
0
0
0
0
0
0
0
0
0
0
0
0
0
0
0
0
0
0
0
0
0
0
0
0
0
0
0
0
0
0
0
0
0
0
0
0
0
0
0
0
0
0
0
0
0
0
0
0
0
0
0
0
0
0
0
0
0
0
0
0
0
0
0
0
0
0
0
0
0
0
0
0
0
0
0
0
0
0
0
0
0
0
0
0
0
0
0
0
0
0
0
0
0
0
0
0
0
0
0
0
0
0
0
0
0
0
0
0
0
0
0
0
0
0
0
0
0
0
0
0
0
0
0
0
0
0
0
0
0
0
0
0
0
0
0
0
0
0
0
0
0
0
0
0
0
0
0
0
0
0
0
0
0
0
0
0
0
0
0
0
0
0
0
0
0
0
0
0
0
0
0
0
0
0
0
0
0
0
0
0
0
0
0
0
0
0
0
0
0
0
0
0
0
0
0
0
0
0
0
0
0
0
0
0
0
0
0
0
0
0
0
0
0
0
0
0
0
0
0
0
0
0
0
0
0
0
0
0
0
0
0
0
0
0
0
0
0
0
0
0
0
0
0
0
0
0
0
0
0
0
0
0
0
0
0
0
0
0
0
0
0
0
0
0
0
0
0
0
0
0
0
0
0
0
0
0
0
0
0
0
0
0
0
0
0
0
0
0
0
0
0
0
0
0
0
0
0
0
0
0
0
0
0
0
0
0
0
0
0
0
0
0
0
0
0
0
0
0
0
0
0
0
0
0
0
0
0
0
0
0
0
0
0
0
0
0
0
0
0
0
3
14
41
51
70
93
73
78
88
78
76
96
110
102
92
86
96
93
84
96
71
101
99
84
90
88
95
87
91
86
101
89
87
92
101
88
98
106
102
88
98
88
98
106
109
102
110
113
135
142
141
157
179
203
191
166
198
233
223
228
260
286
324
350
356
385
412
471
497
549
562
581
626
652
767
795
856
822
904
898
960
995
1100
1090
1062
1112
1143
1194
1204
1279
1213
1231
1343
1256
1365
1376
1399
1367
1342
1414
1414
1414
1443
1398
1434
1430
1429
1443
1386
1393
1442
1381
1367
1407
1415
1392
1383
1409
1380
1378
1411
1412
1387
1386
1375
1372
1399
1364
1367
1349
1367
1364
1247
1377
1381
1273
1283
1327
1398
1400
1333
1375
1327
1358
1386
1385
1331
1296
1289
1306
1308
1362
1332
1362
1334
1330
1305
1321
1337
1309
1385
1274
1316
1319
1312
1289
1270
1205
1345
1342
1326
1249
1306
1332
1259
1279
1259
1278
1331
1227
1256
1319
1341
1252
1258
1312
1370
1249
1280
1291
1286
1310
1299
1258
1305
1277
1275
1231
1268
1225
1255
1212
1290
1224
1265
1271
1286
1296
1222
1217
1202
1201
1293
1275
1286
1140
1222
1259
1248
1309
1263
1263
1223
1221
1266
1269
1278
1197
1248
1216
1250
1200
1244
1235
1224
1229
1275
1217
1248
1229
1171
1300
1218
1227
1192
1209
1171
1259
1231
1241
1193
1190
1236
1276
1219
1129
1178
1201
1247
1229
1227
1200
1239
1229
1186
1199
1191
1146
1226
1188
1140
1214
1203
1155
1107
1208
1244
1166
1155
1154
1151
1191
1131
1237
1152
1165
1135
1152
1125
1191
1104
1186
1172
1183
1117
1123
1053
1121
1118
1089
1162
1085
1096
1141
1128
1097
1169
1120
1135
1104
1096
1083
1148
1029
1107
1134
1155
1087
1129
1112
1030
1088
1101
1092
1050
1094
1087
1079
1078
1084
1096
1034
1012
1142
1062
1015
1073
1098
1035
1075
1012
1054
1021
1093
1050
1034
1055
1057
1004
1001
1046
1037
997
985
1027
1043
1025
1011
950
1015
1005
1068
1024
1052
982
979
1027
992
1024
971
979
992
974
984
944
960
1014
963
986
967
1008
943
946
908
984
927
977
935
1021
946
943
976
893
955
932
911
950
950
942
947
917
943
987
901
909
954
935
842
912
877
915
887
895
916
925
923
901
890
887
880
913
864
905
888
864
869
860
932
868
901
875
836
838
854
833
872
844
846
841
855
875
818
802
866
859
889
813
872
814
857
848
769
840
816
826
830
832
849
829
841
838
826
804
832
821
826
812
807
857
810
814
784
783
792
800
776
805
753
736
770
801
772
789
732
767
750
796
717
742
740
763
722
779
716
751
779
784
738
761
746
735
770
759
751
775
688
709
738
709
689
745
733
734
721
695
706
691
728
714
746
655
743
724
771
735
714
678
737
699
694
702
707
707
739
652
642
673
736
704
721
709
681
667
674
669
733
641
657
624
639
642
663
648
687
642
608
685
667
638
696
664
607
627
607
653
628
655
609
675
617
638
620
637
676
636
596
645
616
642
589
611
603
609
609
583
605
577
572
623
656
627
581
594
657
539
584
586
547
600
604
583
563
606
593
563
554
569
556
575
520
550
608
571
554
550
572
550
553
578
623
536
554
562
550
550
573
575
576
541
552
523
491
575
550
529
579
538
569
522
547
524
517
500
562
520
523
520
554
504
537
499
493
493
517
493
487
525
532
586
509
512
544
523
555
558
520
540
480
476
478
480
538
491
523
534
506
484
511
485
508
432
455
499
456
471
431
488
448
463
455
499
491
487
481
460
503
454
481
467
508
465
487
435
452
496
473
445
436
466
455
476
447
434
448
445
467
422
457
480
458
430
441
427
420
443
431
426
411
435
418
423
407
463
434
432
406
420
410
443
428
402
400
404
391
435
390
389
387
438
413
433
389
425
375
394
352
379
403
436
410
399
402
388
408
394
386
424
421
380
403
387
407
391
370
404
369
391
379
433
397
427
392
410
392
387
377
337
343
382
343
370
391
339
355
394
354
355
358
370
379
335
345
384
362
361
352
363
335
373
360
362
348
361
366
357
327
338
344
350
318
307
350
356
359
338
315
331
329
350
314
354
390
328
340
312
324
341
346
322
336
297
350
340
337
309
329
341
309
335
380
305
300
326
327
333
315
317
314
328
300
344
316
323
314
343
302
292
320
310
298
254
309
303
298
313
307
317
280
312
306
313
271
260
316
292
316
301
307
279
288
298
291
307
310
265
319
278
295
290
276
279
277
293
276
281
293
292
291
272
292
278
275
279
282
261
267
255
285
286
313
286
263
299
266
259
271
249
250
259
284
260
300
264
253
270
243
279
265
267
263
262
260
272
213
275
279
250
258
238
248
249
241
245
254
241
233
261
255
257
238
232
258
256
255
240
241
238
236
231
271
231
253
229
247
216
245
228
256
242
221
236
240
235
264
254
255
247
233
230
241
239
229
210
248
249
254
257
232
225
234
239
244
251
253
229
237
241
248
223
196
219
216
230
219
236
233
241
216
232
215
182
210
254
209
215
234
220
219
207
205
222
208
215
214
206
227
198
217
217
209
210
216
177
216
189
211
226
180
214
192
222
215
200
228
232
201
216
168
216
192
205
213
221
171
189
219
200
190
190
206
204
175
201
205
201
189
202
204
195
206
203
179
192
190
189
236
188
186
186
209
212
193
168
167
208
172
181
197
197
186
175
182
202
163
182
170
199
200
202
174
166
199
169
191
185
185
176
167
194
178
178
186
172
188
181
165
182
171
188
153
171
188
184
182
184
168
177
178
173
160
182
183
182
176
152
189
188
185
166
160
165
180
147
193
188
172
175
160
169
190
171
163
156
153
165
169
167
165
171
183
186
163
136
176
167
151
179
144
173
164
153
166
156
184
164
154
161
161
144
180
144
168
156
166
145
146
168
161
147
131
155
140
140
140
169
172
146
167
171
150
155
149
163
152
149
152
134
139
128
155
160
137
159
155
173
140
139
137
176
147
160
125
150
161
154
138
143
141
149
152
147
137
141
140
142
146
139
142
171
152
157
179
156
162
144
134
114
150
162
149
125
135
122
145
172
161
120
130
140
142
152
144
130
141
133
128
143
125
142
133
128
139
145
130
123
144
130
152
149
141
156
134
132
129
156
117
131
137
138
112
140
118
129
123
142
112
124
126
129
126
119
137
122
134
116
124
129
126
122
120
125
100
129
116
127
110
110
125
131
111
130
133
124
120
137
126
143
139
111
137
115
129
108
126
115
133
121
128
135
119
110
123
132
130
141
113
146
128
127
111
125
121
136
115
111
113
103
117
119
118
135
115
109
105
102
130
108
115
115
114
120
112
108
111
108
118
105
122
122
119
109
127
109
107
126
129
125
129
128
90
112
122
125
127
123
129
124
137
106
121
93
121
138
101
108
129
123
114
120
148
98
130
125
115
109
112
109
122
107
122
109
96
122
134
112
118
126
128
119
113
126
129
122
123
114
119
124
114
126
123
115
114
118
126
121
148
112
124
113
145
138
124
120
135
114
124
138
137
119
123
145
122
124
118
128
126
102
120
138
122
100
110
136
145
140
154
159
152
129
115
136
136
162
113
140
140
144
139
156
152
136
169
136
151
182
161
147
150
160
175
165
157
171
171
173
161
188
189
179
191
191
195
188
174
201
186
197
214
202
205
212
202
237
261
238
237
252
237
258
263
297
284
341
374
385
297
186
60
6
0
0
0
0
0
0
0
0
0
0
0
0
0
0
0
0
0
0
0
0
0
0
0
0
0
0
0
0
0
0
0
0
0
0
0
0
0
0
0
0
0
0
0
0
0
0
0
0
0
0
0
0
0
0
0
0
0
0
0
0
0
0
0
0
0
0
0
0
0
0
0
0
0
0
0
0
0
0
0
0
0
0
0
0
0
0
0
0
0
0
0
0
0
0
0
0
0
0
0
0
0
0
0
0
0
0
0
0
0
0
0
0
0
0
0
0
0
0
0
0
0
0
0
0
0
0
0
0
0
0
0
0
0
0
0
0
0
0
0
0
0
0
0
0
0
0
0
0
0
0
0
0
0
0
0
0
0
0
0
0
0
0
0
0
0
0
0
0
0
0
0
0
0
0
0
0
0
0
0
0
0
0
0
0
0
0
0
0
0
0
0
0
0
0
0
0
0
0
0
0
0
0
0
0
0
0
0
0
0
0
0
0
0
0
0
0
0
0
0
0
0
