5
10
6
9
11
6
7
5
6
5
6
8
7
7
6
5
7
2
2
8
4
6
7
8
6
5
3
7
13
5
11
27
60
102
158
301
440
704
892
1123
1289
1485
1652
1694
1824
1863
1902
1893
2043
1956
2023
2027
1993
2012
1950
1998
1941
1905
1824
1919
1946
1849
1831
1834
1840
1791
1761
1790
1782
1712
1695
1738
1633
1599
1647
1612
1616
1516
1599
1534
1520
1443
1484
1519
1394
1397
1389
1452
1376
1327
1371
1366
1309
1321
1273
1279
1217
1229
1293
1207
1189
1261
1196
1144
1206
1176
1068
1131
1114
1073
1191
1049
1106
1107
1031
1037
1037
986
1024
1061
1030
1078
956
1008
974
928
924
957
927
953
833
891
899
888
870
857
865
834
867
838
861
839
809
858
819
840
795
779
762
755
790
781
749
738
713
763
722
750
728
740
697
703
719
662
667
669
663
693
644
618
652
626
633
642
593
629
576
609
546
638
553
571
595
536
516
540
586
571
522
525
548
563
486
527
534
486
517
514
487
505
496
488
474
486
439
487
443
475
476
469
448
427
436
461
433
416
415
419
442
399
401
422
427
395
402
420
385
374
381
383
375
385
370
360
356
325
377
323
347
363
357
346
329
336
347
316
338
332
293
322
324
327
305
321
330
287
283
303
309
292
288
301
269
304
312
290
265
240
289
278
270
271
257
229
272
246
256
246
255
262
289
235
247
225
230
228
231
221
225
228
232
220
220
236
234
206
221
213
226
225
206
214
186
207
215
198
198
204
200
209
202
199
207
180
198
180
178
174
196
182
182
188
181
200
159
166
201
168
169
167
165
180
156
161
171
157
155
168
153
175
142
166
166
142
123
144
143
149
133
155
145
139
134
157
137
122
147
132
146
122
120
124
127
150
134
112
128
126
135
127
124
129
120
116
114
111
119
121
121
113
116
110
98
114
111
112
113
107
88
80
92
107
92
102
92
99
108
102
82
78
96
87
104
87
77
96
95
92
103
76
92
82
79
94
71
88
69
83
72
76
83
102
71
95
88
74
92
90
72
74
79
90
78
78
68
73
72
88
93
63
98
75
79
57
67
57
49
69
82
72
81
67
76
67
78
45
74
63
50
61
48
57
65
58
56
54
60
44
55
59
47
49
72
55
58
76
58
61
53
54
57
48
57
47
47
47
56
47
50
46
46
63
50
46
52
68
51
45
39
49
53
35
48
44
43
38
45
37
46
41
36
38
38
39
43
41
36
39
37
32
34
35
31
37
39
32
33
29
28
45
30
28
45
34
32
38
38
36
32
36
31
18
37
31
40
24
40
28
32
27
30
24
30
31
20
33
33
35
37
20
30
32
30
26
21
26
36
27
32
29
24
28
24
28
25
25
29
20
25
28
22
24
33
15
21
22
34
33
30
21
20
24
26
27
30
19
21
20
19
26
19
18
15
19
28
17
30
19
24
16
24
25
24
16
24
24
19
8
25
16
19
18
22
15
22
15
16
16
10
19
18
14
12
11
17
18
18
14
12
21
14
16
10
15
25
8
23
21
15
7
14
16
17
10
16
12
12
12
13
19
14
11
12
9
16
21
13
13
19
13
13
15
15
8
11
19
14
8
10
14
12
10
12
8
14
13
14
10
7
9
12
17
11
14
11
12
16
9
4
9
14
12
8
12
8
11
11
6
14
9
12
6
2
8
10
9
17
6
19
8
7
11
11
10
12
7
14
12
6
12
12
11
4
7
14
9
13
10
17
5
4
7
11
12
9
11
9
8
11
11
8
9
7
12
7
9
9
13
5
9
7
9
9
5
7
6
6
7
8
8
9
9
5
8
6
8
8
6
4
9
9
2
0
0
0
0
0
0
0
0
0
0
0
0
0
0
0
0
0
0
0
0
0
0
0
0
0
0
0
0
0
0
0
0
0
0
0
0
0
0
0
0
0
0
0
0
0
0
0
0
0
0
0
0
0
0
0
0
0
0
0
0
0
0
0
0
0
0
0
0
0
0
0
0
0
0
0
0
0
0
0
0
0
0
0
0
0
0
0
0
0
0
0
0
0
0
0
0
0
0
0
0
0
0
0
0
0
0
0
0
0
0
0
0
0
0
0
0
0
0
0
0
0
0
0
0
0
0
0
0
0
0
0
0
0
0
0
0
0
0
0
0
0
0
0
0
0
0
0
0
0
0
0
0
0
0
0
0
0
0
0
0
0
0
0
0
0
0
0
0
0
0
0
0
0
0
0
0
0
0
0
0
0
0
0
0
0
0
0
0
0
0
0
0
0
0
0
0
0
0
0
0
0
0
0
0
0
0
0
0
0
0
0
0
0
0
0
0
0
0
0
0
0
0
0
0
0
0
0
0
0
0
0
0
0
0
0
0
0
0
0
0
0
0
5
6
6
4
4
9
6
4
4
9
6
6
5
7
4
5
6
8
6
6
5
6
3
6
9
4
2
4
9
12
16
37
52
82
137
207
347
437
514
651
752
811
884
925
898
968
958
986
996
971
976
996
916
901
907
862
913
844
902
857
848
841
859
805
769
755
791
837
792
801
741
708
742
736
748
715
762
715
713
686
671
674
705
659
661
639
645
628
655
657
625
649
593
609
539
578
584
583
616
593
554
552
592
540
531
537
571
539
536
523
533
518
514
475
509
492
514
502
497
514
437
428
458
443
495
457
453
434
457
443
433
427
421
439
401
441
392
381
423
406
393
382
395
384
394
336
384
372
383
376
347
347
321
331
379
326
337
360
335
316
300
308
314
339
274
320
314
311
295
313
279
294
305
310
260
291
259
276
259
302
274
252
274
256
261
286
257
298
251
252
276
246
267
237
261
242
247
212
242
231
226
235
232
210
246
200
198
217
228
186
191
197
201
191
209
220
207
210
197
221
201
199
198
193
192
180
185
169
185
196
180
188
164
166
184
175
153
156
182
183
176
158
165
164
156
160
165
151
167
174
147
136
138
140
162
120
168
144
154
119
144
135
127
155
125
143
126
120
150
117
132
136
137
161
138
126
126
134
119
113
118
110
97
141
112
123
120
110
113
111
132
126
110
119
97
99
96
110
105
100
103
99
96
103
96
110
91
108
105
80
100
85
96
101
99
85
80
93
84
89
72
75
84
81
82
82
92
73
73
72
83
80
89
74
93
90
103
90
81
87
70
89
76
68
62
76
70
80
71
82
75
78
73
78
71
63
69
70
52
69
55
68
74
76
72
57
53
56
63
71
60
54
61
49
56
50
56
65
51
54
58
53
55
66
51
56
56
53
52
64
62
55
63
46
55
56
51
40
54
56
36
49
52
56
41
64
40
51
35
39
55
37
56
34
47
44
40
40
53
47
42
44
47
36
35
40
41
47
45
39
35
31
34
30
47
37
37
45
39
42
39
48
32
32
33
35
30
31
31
36
17
42
40
29
30
44
43
36
35
33
21
36
27
26
22
28
35
22
34
25
28
31
19
38
35
27
30
36
36
31
20
25
25
24
20
22
27
15
28
24
19
44
19
30
24
25
32
25
30
18
22
24
23
18
24
25
17
21
26
28
29
23
25
18
23
18
30
23
18
20
17
22
19
24
19
17
16
13
26
21
29
17
20
18
29
18
15
13
17
17
18
11
30
18
22
11
21
17
21
15
16
19
16
22
24
21
18
16
19
13
20
18
16
16
20
22
8
12
14
15
17
12
15
14
17
11
8
20
15
15
10
9
12
16
17
16
8
12
10
15
19
15
8
20
18
10
12
17
14
14
17
12
13
13
13
13
15
13
8
15
16
9
9
14
9
8
9
13
10
13
11
14
11
13
8
10
7
12
7
11
11
7
13
14
17
11
12
13
6
11
16
10
9
6
13
9
7
10
9
10
9
8
12
11
8
9
11
15
6
10
9
8
5
9
14
8
13
11
8
9
6
11
7
8
7
6
7
11
12
8
8
17
11
10
6
12
11
8
13
12
4
6
11
8
6
7
10
7
11
11
9
9
14
6
5
7
6
9
7
11
15
6
9
10
9
13
6
5
10
12
6
9
11
11
8
10
10
8
10
12
12
7
8
10
10
5
7
14
6
9
5
4
11
7
6
6
6
7
4
13
10
3
8
7
6
9
2
8
7
8
10
6
11
8
8
3
7
7
4
8
5
8
6
5
5
9
5
8
10
4
2
0
0
0
0
0
0
0
0
0
0
0
0
0
0
0
0
0
0
0
0
0
0
0
0
0
0
0
0
0
0
0
0
0
0
0
0
0
0
0
0
0
0
0
0
0
0
0
0
0
0
0
0
0
0
0
0
0
0
0
0
0
0
0
0
0
0
0
0
0
0
0
0
0
0
0
0
0
0
0
0
0
0
0
0
0
0
0
0
0
0
0
0
0
0
0
0
0
0
0
0
0
0
0
0
0
0
0
0
0
0
0
0
0
0
0
0
0
0
0
0
0
0
0
0
0
0
0
0
0
0
0
0
0
0
0
0
0
0
0
0
0
0
0
0
0
0
0
0
0
0
0
0
0
0
0
0
0
0
0
0
0
0
0
0
0
0
0
0
0
0
0
0
0
0
0
0
0
0
0
0
0
0
0
0
0
0
0
0
0
0
0
0
0
0
0
0
0
0
0
0
0
0
0
0
0
0
0
0
0
0
0
0
0
0
0
0
0
0
0
0
0
0
0
0
0
0
0
0
0
0
0
0
0
0
0
0
0
0
0
0
0
0
0
