4
6
3
2
2
7
6
6
6
2
8
4
3
5
7
5
3
8
4
2
3
2
5
5
1
7
7
3
6
5
2
3
8
7
19
35
44
109
159
250
320
452
567
637
813
903
983
1027
1090
1073
1075
1046
1094
998
1057
1032
1038
1012
974
1002
1005
952
935
931
912
872
913
896
880
823
857
812
789
801
779
787
811
718
815
738
709
696
729
682
694
642
664
664
706
659
550
662
641
629
627
622
616
617
575
608
624
544
578
541
589
565
557
595
526
507
507
534
537
565
472
517
488
522
478
508
475
474
477
461
452
439
433
461
425
420
474
436
448
422
450
444
417
412
395
394
370
377
381
413
395
380
383
348
389
400
347
381
382
363
347
372
381
354
327
344
338
345
322
351
345
337
336
312
298
298
330
323
286
301
302
286
314
315
290
262
249
259
299
257
292
283
267
248
279
285
264
266
254
255
268
247
266
251
223
217
227
271
241
240
243
231
216
217
256
214
205
230
220
248
220
225
197
196
222
218
207
202
197
198
216
173
180
179
180
180
177
193
167
188
178
174
186
178
174
170
176
151
163
155
167
174
164
169
140
167
153
139
143
157
135
150
171
142
154
140
132
169
160
149
142
143
136
134
143
134
122
126
116
116
144
100
148
139
138
130
109
121
101
134
128
113
126
103
124
85
84
95
117
121
108
120
110
108
110
112
113
102
89
117
101
84
86
93
108
84
79
110
105
98
72
86
77
101
94
72
87
90
97
91
86
86
76
86
76
82
86
74
69
79
94
76
77
78
64
72
66
78
72
66
65
56
85
64
75
84
62
80
64
63
70
76
69
75
69
45
51
73
64
70
61
81
71
62
58
56
51
64
64
56
67
68
52
45
48
58
56
47
51
58
51
42
57
47
44
41
39
51
55
55
60
44
49
53
40
49
46
47
38
56
49
34
47
47
42
56
46
43
41
45
47
46
37
46
43
39
44
35
29
34
48
38
50
43
46
40
32
42
39
36
42
34
33
35
38
32
33
43
32
28
47
38
37
30
31
21
29
42
29
37
31
29
37
30
28
32
27
35
20
25
25
28
26
26
26
32
33
27
39
28
30
23
16
23
25
28
26
32
29
23
29
29
27
34
21
27
28
21
24
27
25
23
18
24
26
24
25
27
27
24
22
15
21
22
15
26
22
29
20
15
23
14
20
24
22
20
27
21
25
21
15
16
27
28
22
25
19
21
20
14
17
13
17
20
16
18
18
15
21
16
13
17
19
24
18
14
18
26
20
19
8
12
18
16
26
19
14
15
20
6
14
12
10
10
18
10
12
16
14
17
9
13
15
15
13
11
14
10
12
10
16
11
10
12
9
7
18
9
12
8
10
11
11
19
8
8
12
10
15
12
17
9
10
13
16
10
17
6
8
13
16
5
7
15
10
7
10
15
9
12
16
13
12
9
11
4
6
15
14
13
8
8
10
10
3
9
7
12
11
5
10
8
11
8
8
11
10
7
5
8
8
12
9
9
7
5
13
5
9
8
10
14
12
11
8
10
9
5
10
8
5
12
5
6
10
10
10
6
5
8
7
6
10
8
7
9
9
5
5
2
6
6
4
9
5
5
11
7
6
8
3
5
5
11
9
6
8
8
9
7
5
6
10
7
10
9
12
9
8
12
4
7
6
9
9
6
5
5
4
6
5
3
4
11
4
7
1
7
7
5
7
4
7
2
6
8
5
8
6
6
8
9
1
7
8
4
7
8
10
4
3
7
3
5
6
6
5
8
5
2
2
3
6
10
8
9
3
1
0
0
0
0
0
0
0
0
0
0
0
0
0
0
0
0
0
0
0
0
0
0
0
0
0
0
0
0
0
0
0
0
0
0
0
0
0
0
0
0
0
0
0
0
0
0
0
0
0
0
0
0
0
0
0
0
0
0
0
0
0
0
0
0
0
0
0
0
0
0
0
0
0
0
0
0
0
0
0
0
0
0
0
0
0
0
0
0
0
0
0
0
0
0
0
0
0
0
0
0
0
0
0
0
0
0
0
0
0
0
0
0
0
0
0
0
0
0
0
0
0
0
0
0
0
0
0
0
0
0
0
0
0
0
0
0
0
0
0
0
0
0
0
0
0
0
0
0
0
0
0
0
0
0
0
0
0
0
0
0
0
0
0
0
0
0
0
0
0
0
0
0
0
0
0
0
0
0
0
0
0
0
0
0
0
0
0
0
0
0
0
0
0
0
0
0
0
0
0
0
0
0
0
0
0
0
0
0
0
0
0
0
0
0
0
0
0
0
0
0
0
0
0
0
0
0
0
0
0
0
0
0
0
0
0
0
0
0
0
0
0
0
1
4
2
2
4
4
6
4
1
0
4
1
3
0
2
5
6
5
4
6
2
6
8
2
2
5
3
3
3
1
1
6
6
11
22
28
65
108
180
252
356
430
548
570
628
666
644
716
658
665
618
584
611
585
553
576
580
554
526
527
545
559
508
516
498
456
514
481
483
445
441
467
467
440
432
409
480
417
405
444
391
395
384
413
397
338
396
380
401
415
371
406
334
414
354
398
350
323
320
336
323
344
320
344
332
324
315
313
331
319
331
304
325
273
302
320
298
261
269
259
292
252
267
304
255
251
247
239
249
263
236
246
267
251
245
240
235
230
232
230
247
227
221
226
221
237
229
219
215
242
208
228
194
220
208
207
216
195
179
193
182
193
187
201
201
185
182
197
179
181
162
161
177
154
178
189
165
169
127
156
180
167
171
143
162
151
176
164
163
150
141
160
168
128
137
158
146
128
145
130
147
160
137
147
118
126
146
135
124
127
124
134
140
124
124
117
128
132
129
130
137
104
108
116
106
114
122
113
115
101
112
122
116
108
116
87
87
103
103
101
98
80
104
108
97
99
93
101
93
78
101
100
97
100
93
82
102
91
98
101
80
76
87
81
83
87
92
74
79
72
91
72
64
62
80
73
72
73
78
67
81
84
72
73
72
79
60
73
76
62
63
82
73
62
73
82
61
77
50
56
68
68
57
65
57
81
65
70
58
57
60
63
55
55
55
60
49
66
61
39
53
55
66
46
50
48
49
59
36
48
41
53
53
55
45
49
44
49
47
47
60
51
48
46
47
51
39
41
43
45
52
34
43
39
39
39
52
54
49
34
26
38
36
40
43
30
37
29
29
36
30
46
41
35
41
39
40
40
31
44
31
33
27
34
33
35
41
29
36
37
32
23
23
28
24
22
31
31
33
37
25
31
26
26
26
36
26
32
29
30
31
27
38
22
28
31
23
23
22
26
21
32
20
27
24
16
33
28
26
22
18
25
17
25
25
15
15
20
23
25
21
15
21
19
15
19
19
12
26
11
23
13
17
19
18
14
17
19
18
23
19
27
23
22
20
15
17
7
15
10
16
20
23
28
15
17
11
14
16
12
8
17
23
23
24
16
20
16
18
13
20
17
20
16
18
14
5
20
15
14
15
11
11
11
14
12
14
12
9
16
8
11
15
15
7
11
12
17
13
15
10
10
14
15
6
18
7
14
9
18
16
12
14
12
13
10
13
10
12
14
18
12
13
12
4
5
15
14
15
11
9
11
8
11
8
9
13
8
15
6
7
6
14
5
10
7
6
10
10
8
13
15
12
14
6
11
14
9
7
12
9
8
11
5
7
5
4
15
4
12
11
12
8
8
6
8
9
7
7
6
10
9
14
6
6
14
9
8
8
8
5
7
2
11
7
5
9
7
9
8
9
6
8
9
2
2
6
5
12
7
3
5
5
8
7
3
3
4
9
5
5
9
10
3
5
7
4
10
3
7
4
10
4
6
2
7
7
5
4
3
3
8
2
6
6
7
9
6
5
4
7
5
8
5
1
4
4
8
3
8
1
1
8
6
3
6
6
4
4
3
5
2
6
12
8
5
10
5
5
8
4
5
5
7
2
7
5
11
5
5
8
4
2
4
8
5
4
4
4
9
10
0
4
5
2
5
8
6
1
4
6
6
5
0
4
7
4
0
1
7
2
7
3
3
2
4
4
2
5
5
7
3
7
10
4
3
3
9
1
5
2
4
6
7
1
2
2
2
6
4
2
1
6
3
2
2
3
2
2
3
2
0
0
0
0
0
0
0
0
0
0
0
0
0
0
0
0
0
0
0
0
0
0
0
0
0
0
0
0
0
0
0
0
0
0
0
0
0
0
0
0
0
0
0
0
0
0
0
0
0
0
0
0
0
0
0
0
0
0
0
0
0
0
0
0
0
0
0
0
0
0
0
0
0
0
0
0
0
0
0
0
0
0
0
0
0
0
0
0
0
0
0
0
0
0
0
0
0
0
0
0
0
0
0
0
0
0
0
0
0
0
0
0
0
0
0
0
0
0
0
0
0
0
0
0
0
0
0
0
0
0
0
0
0
0
0
0
0
0
0
0
0
0
0
0
0
0
0
0
0
0
0
0
0
0
0
0
0
0
0
0
0
0
0
0
0
0
0
0
0
0
0
0
0
0
0
0
0
0
0
0
0
0
0
0
0
0
0
0
0
0
0
0
0
0
0
0
0
0
0
0
0
0
0
0
0
0
0
0
0
0
0
0
0
0
0
0
0
0
0
0
0
0
0
0
0
0
0
0
0
0
0
0
0
0
0
0
0
0
0
0
0
0
0
